Attributes,Adj Close,Close,High,Low,Open,Volume
Symbols,4129.TWO,4129.TWO,4129.TWO,4129.TWO,4129.TWO,4129.TWO
Date,,,,,,
2008-01-02,27.55229377746582,33.32550048828125,33.32550048828125,30.895999908447266,31.6294002532959,238876.0
2008-01-03,27.893413543701172,33.73809814453125,33.8755989074707,32.4546012878418,33.32550048828125,150524.0
2008-01-04,28.802936553955078,34.838199615478516,35.57170104980469,33.646400451660156,33.646400451660156,153797.0
2008-01-07,27.741783142089844,33.5546989440918,34.28820037841797,32.4546012878418,34.28820037841797,138526.0
2008-01-08,28.196592330932617,34.104801177978516,35.204898834228516,34.013099670410156,35.204898834228516,111257.0
2008-01-09,28.499765396118164,34.471500396728516,34.471500396728516,33.60060119628906,34.104801177978516,56719.0
2008-01-10,28.272403717041016,34.19649887084961,35.755001068115234,34.19649887084961,35.296600341796875,117802.0
2008-01-11,28.613445281982422,34.60900115966797,34.74660110473633,33.9213981628418,34.379798889160156,64355.0
2008-01-14,28.044960021972656,33.9213981628418,35.296600341796875,33.4630012512207,34.929901123046875,80716.0
2008-01-15,28.196592330932617,34.104801177978516,35.57170104980469,33.9213981628418,33.9213981628418,139617.0
2008-01-16,27.665971755981445,33.4630012512207,33.96730041503906,33.004600524902344,33.96730041503906,47993.0
2008-01-17,27.135438919067383,32.8213005065918,33.4630012512207,32.72959899902344,33.4630012512207,77444.0
2008-01-18,27.893413543701172,33.73809814453125,33.9213981628418,30.529300689697266,30.529300689697266,76353.0
2008-01-21,27.21125030517578,32.91299819946289,33.4630012512207,32.27119827270508,33.4630012512207,28360.0
2008-01-22,25.316308975219727,30.621000289916992,31.44610023498535,30.621000289916992,31.44610023498535,75262.0
2008-01-23,25.0130558013916,30.254199981689453,31.537799835205078,28.512300491333008,31.537799835205078,226877.0
2008-01-24,24.6341495513916,29.795900344848633,30.71269989013672,28.145599365234375,30.437599182128906,187610.0
2008-01-25,23.49718475341797,28.420700073242188,29.704200744628906,28.420700073242188,28.879100799560547,241057.0
2008-01-28,21.8675537109375,26.449600219726562,27.5039005279541,26.449600219726562,27.5039005279541,185428.0
2008-01-29,20.351600646972656,24.615999221801758,25.670299530029297,24.615999221801758,25.670299530029297,208334.0
2008-01-30,18.94932746887207,22.91990089416504,23.561599731445312,22.91990089416504,23.28660011291504,662089.0
2008-01-31,17.622865676879883,21.315500259399414,22.00309944152832,21.315500259399414,21.911399841308594,369766.0
2008-02-01,18.721885681152344,22.644800186157227,22.782400131225586,20.261199951171875,20.261199951171875,182156.0
2008-02-12,18.039722442626953,21.819700241088867,22.736499786376953,21.819700241088867,22.46150016784668,54538.0
2008-02-13,19.290449142456055,23.332500457763672,23.332500457763672,21.728099822998047,21.728099822998047,176702.0
2008-02-14,20.616823196411133,24.936800003051758,24.936800003051758,24.570100784301758,24.936800003051758,142889.0
2008-02-15,22.056962966918945,26.678699493408203,26.678699493408203,25.94529914855957,26.587099075317383,425395.0
2008-02-18,23.57291603088379,28.512300491333008,28.512300491333008,28.512300491333008,28.512300491333008,139617.0
2008-02-19,25.202550888061523,30.483400344848633,30.483400344848633,29.704200744628906,30.483400344848633,923870.0
2008-02-20,25.0130558013916,30.254199981689453,30.9419002532959,28.879100799560547,30.9419002532959,497385.0
2008-02-21,25.164684295654297,30.437599182128906,31.07939910888672,29.429100036621094,30.254199981689453,344679.0
2008-02-22,24.74782943725586,29.933399200439453,31.17099952697754,29.337499618530273,29.337499618530273,287960.0
2008-02-25,25.998470306396484,31.44610023498535,31.996200561523438,30.80430030822754,31.17099952697754,852971.0
2008-02-26,25.164684295654297,30.437599182128906,31.07939910888672,30.254199981689453,30.895999908447266,323954.0
2008-02-27,26.529006958007812,32.087799072265625,32.546199798583984,30.437599182128906,30.437599182128906,954411.0
2008-02-29,26.37746238708496,31.904499053955078,32.546199798583984,31.17099952697754,32.087799072265625,471207.0
2008-03-03,27.51442527770996,33.279701232910156,33.32550048828125,30.34589958190918,31.354400634765625,290141.0
2008-03-04,26.907995223999023,32.546199798583984,33.646400451660156,32.225399017333984,33.646400451660156,399217.0
2008-03-05,25.61948585510254,30.987699508666992,32.8213005065918,30.80430030822754,32.683799743652344,299958.0
2008-03-06,26.150020599365234,31.6294002532959,31.996200561523438,30.529300689697266,31.537799835205078,230149.0
2008-03-07,26.225833892822266,31.721099853515625,32.27119827270508,30.987699508666992,31.44610023498535,357768.0
2008-03-10,25.771032333374023,31.17099952697754,32.683799743652344,30.529300689697266,32.683799743652344,257418.0
2008-03-11,25.695297241210938,31.07939910888672,31.721099853515625,30.9419002532959,30.987699508666992,139617.0
2008-03-12,27.476476669311523,33.23379898071289,33.23379898071289,31.354400634765625,31.354400634765625,856243.0
2008-03-13,26.150020599365234,31.6294002532959,33.646400451660156,31.6294002532959,33.004600524902344,706810.0
2008-03-14,25.392126083374023,30.71269989013672,32.4546012878418,30.621000289916992,32.087799072265625,329408.0
2008-03-17,23.648731231689453,28.604000091552734,30.162599563598633,28.604000091552734,29.887500762939453,378492.0
2008-03-18,23.042381286621094,27.8705997467041,28.604000091552734,27.549699783325195,27.549699783325195,161432.0
2008-03-19,23.3834228515625,28.283100128173828,28.420700073242188,27.8705997467041,27.962299346923828,139617.0
2008-03-20,23.004432678222656,27.82469940185547,28.237300872802734,27.549699783325195,27.595500946044922,80716.0
2008-03-21,24.596202850341797,29.75,29.75,28.05389976501465,28.05389976501465,286869.0
2008-03-24,26.30164909362793,31.81279945373535,31.81279945373535,29.795900344848633,31.81279945373535,550832.0
2008-03-25,26.529006958007812,32.087799072265625,33.004600524902344,30.80430030822754,31.81279945373535,568284.0
2008-03-26,26.150020599365234,31.6294002532959,32.637901306152344,31.6294002532959,32.637901306152344,378492.0
2008-03-27,26.263782501220703,31.767000198364258,32.087799072265625,31.354400634765625,31.537799835205078,223605.0
2008-03-28,26.604822158813477,32.179500579833984,32.546199798583984,31.81279945373535,32.087799072265625,295595.0
2008-03-31,25.998470306396484,31.44610023498535,32.087799072265625,31.44610023498535,32.087799072265625,217060.0
2008-04-01,25.0130558013916,30.254199981689453,31.81279945373535,30.254199981689453,31.40019989013672,309775.0
2008-04-02,25.771032333374023,31.17099952697754,31.17099952697754,30.254199981689453,30.80430030822754,164704.0
2008-04-03,25.92266082763672,31.354400634765625,31.354400634765625,30.895999908447266,31.17099952697754,187610.0
2008-04-07,27.703920364379883,33.5088996887207,33.5088996887207,31.6294002532959,32.087799072265625,1087484.0
2008-04-08,27.05962562561035,32.72959899902344,35.755001068115234,32.72959899902344,35.755001068115234,578101.0
2008-04-09,28.044960021972656,33.9213981628418,34.838199615478516,32.546199798583984,32.546199798583984,681722.0
2008-04-10,27.893413543701172,33.73809814453125,35.02159881591797,33.646400451660156,33.9213981628418,887875.0
2008-04-11,27.286983489990234,33.004600524902344,34.104801177978516,33.004600524902344,33.646400451660156,405761.0
2008-04-14,27.438613891601562,33.1879997253418,33.9213981628418,32.50040054321289,33.004600524902344,291232.0
2008-04-15,28.802936553955078,34.838199615478516,35.296600341796875,33.5088996887207,33.9213981628418,601006.0
2008-04-16,30.24307632446289,36.580101013183594,36.580101013183594,34.05889892578125,35.02159881591797,1474702.0
2008-04-17,32.32750701904297,39.10129928588867,39.10129928588867,36.67179870605469,37.13019943237305,1732120.0
2008-04-18,34.56357955932617,41.80590057373047,41.80590057373047,38.505401611328125,39.10129928588867,2220779.0
2008-04-21,33.123435974121094,40.06399917602539,43.08940124511719,39.42219924926758,42.99769973754883,1220556.0
2008-04-22,33.350791931152344,40.3390007019043,40.88909912109375,39.14720153808594,39.14720153808594,454845.0
2008-04-23,34.487754821777344,41.71419906616211,42.90599822998047,39.238800048828125,41.25579833984375,1075485.0
2008-04-24,36.8753662109375,44.60210037231445,44.60210037231445,41.25579833984375,41.71419906616211,2662535.0
2008-04-25,37.89865493774414,45.83980178833008,47.67340087890625,44.739601135253906,45.42720031738281,2627631.0
2008-04-28,35.245731353759766,42.63100051879883,46.20650100708008,42.63100051879883,45.83980178833008,1675401.0
2008-04-29,35.245731353759766,42.63100051879883,44.464599609375,41.71419906616211,41.71419906616211,1002405.0
2008-04-30,34.222450256347656,41.3932991027832,42.63100051879883,41.25579833984375,42.63100051879883,951139.0
2008-05-02,33.42660903930664,40.43069839477539,41.71419906616211,38.68880081176758,41.3932991027832,759166.0
2008-05-05,32.63068389892578,39.46799850463867,40.797401428222656,39.14720153808594,39.14720153808594,354496.0
2008-05-06,31.30431365966797,37.86370086669922,39.51390075683594,37.86370086669922,39.46799850463867,412306.0
2008-05-07,31.910655975341797,38.59709930419922,39.42219924926758,37.680301666259766,37.86370086669922,470116.0
2008-05-08,33.805599212646484,40.88909912109375,41.25579833984375,38.59709930419922,38.59709930419922,825702.0
2008-05-09,31.986465454101562,38.68880081176758,41.25579833984375,38.59709930419922,40.98080062866211,690448.0
2008-05-12,31.910655975341797,38.59709930419922,39.78889846801758,38.59709930419922,38.68880081176758,478842.0
2008-05-13,31.455854415893555,38.047000885009766,39.42219924926758,38.047000885009766,38.96379852294922,380674.0
2008-05-14,30.47052001953125,36.855201721191406,38.047000885009766,35.755001068115234,38.047000885009766,783163.0
2008-05-15,30.584196090698242,36.992698669433594,37.955299377441406,36.67179870605469,36.855201721191406,455936.0
2008-05-16,30.622066497802734,37.03850173950195,37.588600158691406,37.03850173950195,37.13019943237305,450482.0
2008-05-19,31.30431365966797,37.86370086669922,38.505401611328125,36.67179870605469,37.03850173950195,553013.0
2008-05-20,29.78835678100586,36.03010177612305,38.505401611328125,36.03010177612305,38.505401611328125,813704.0
2008-05-21,29.902036666870117,36.167598724365234,36.67179870605469,35.204898834228516,36.121700286865234,383946.0
2008-05-22,29.181928634643555,35.296600341796875,35.93840026855469,34.65489959716797,35.52579879760742,380674.0
2008-05-23,28.4239501953125,34.379798889160156,36.48849868774414,34.104801177978516,35.47999954223633,302139.0
2008-05-26,26.453277587890625,31.996200561523438,34.379798889160156,31.996200561523438,34.379798889160156,406852.0
2008-05-27,25.467857360839844,30.80430030822754,31.354400634765625,29.795900344848633,29.795900344848633,1486700.0
2008-05-28,23.68667984008789,28.649900436401367,30.437599182128906,28.649900436401367,30.162599563598633,649000.0
2008-05-29,22.852886199951172,27.641399383544922,29.52079963684082,27.045499801635742,27.045499801635742,631548.0
2008-05-30,24.444656372070312,29.566699981689453,29.566699981689453,27.320499420166016,27.641399383544922,743895.0
2008-06-02,25.392126083374023,30.71269989013672,31.262699127197266,28.970699310302734,29.566699981689453,497385.0
2008-06-03,24.93732452392578,30.162599563598633,31.996200561523438,30.070899963378906,30.437599182128906,330499.0
2008-06-04,23.648731231689453,28.604000091552734,29.795900344848633,28.420700073242188,29.795900344848633,318501.0
2008-06-05,23.30769157409668,28.191499710083008,28.604000091552734,27.412200927734375,28.237300872802734,403580.0
2008-06-06,23.87617301940918,28.879100799560547,29.245800018310547,28.237300872802734,28.374799728393555,364312.0
2008-06-09,22.739208221435547,27.5039005279541,28.237300872802734,27.412200927734375,28.237300872802734,314138.0
2008-06-10,22.549715042114258,27.274700164794922,27.962299346923828,27.091299057006836,27.5039005279541,269417.0
2008-06-11,21.8675537109375,26.449600219726562,27.73310089111328,25.670299530029297,27.091299057006836,289050.0
2008-06-12,20.351600646972656,24.615999221801758,26.449600219726562,24.615999221801758,25.670299530029297,614096.0
2008-06-13,19.555673599243164,23.65329933166504,25.34939956665039,22.91990089416504,24.615999221801758,644637.0
2008-06-16,19.89679527282715,24.065900802612305,25.12019920349121,23.974199295043945,24.4783992767334,306502.0
2008-06-17,18.797697067260742,22.736499786376953,24.065900802612305,22.415599822998047,24.065900802612305,1013312.0
2008-06-18,19.934663772583008,24.1117000579834,24.29509925842285,22.46150016784668,23.28660011291504,520291.0
2008-06-19,19.32831573486328,23.378299713134766,23.65329933166504,22.553199768066406,23.65329933166504,155978.0
2008-06-20,18.570341110229492,22.46150016784668,23.65329933166504,22.46150016784668,23.65329933166504,280324.0
2008-06-23,18.797697067260742,22.736499786376953,23.240800857543945,22.00309944152832,22.46150016784668,206153.0
2008-06-24,19.1009521484375,23.103300094604492,24.29509925842285,23.05739974975586,23.469999313354492,527926.0
2008-06-25,19.783117294311523,23.92840003967285,24.29509925842285,22.553199768066406,23.378299713134766,273780.0
2008-06-26,19.32831573486328,23.378299713134766,24.845199584960938,23.378299713134766,24.845199584960938,263963.0
2008-06-27,18.115537643432617,21.911399841308594,22.736499786376953,21.77389907836914,22.553199768066406,367585.0
2008-06-30,17.433372497558594,21.086299896240234,22.644800186157227,21.086299896240234,22.00309944152832,138526.0
2008-07-01,17.054386138916016,20.627899169921875,22.00309944152832,20.16950035095215,22.00309944152832,248692.0
2008-07-02,17.812360763549805,21.544700622558594,21.957300186157227,20.627899169921875,20.627899169921875,197427.0
2008-07-03,18.94932746887207,22.91990089416504,22.91990089416504,20.81130027770996,21.086299896240234,121074.0
2008-07-04,18.19134521484375,22.00309944152832,23.469999313354492,22.00309944152832,22.91990089416504,231240.0
2008-07-07,17.660736083984375,21.361299514770508,21.728099822998047,20.490400314331055,21.269699096679688,124346.0
2008-07-08,17.28174591064453,20.90290069580078,22.09480094909668,20.90290069580078,21.086299896240234,174521.0
2008-07-09,17.471240997314453,21.132099151611328,22.00309944152832,21.086299896240234,21.819700241088867,139617.0
2008-07-10,17.736549377441406,21.452999114990234,21.819700241088867,20.90290069580078,20.90290069580078,334862.0
2008-07-11,18.87351417541504,22.82819938659668,22.91990089416504,21.17799949645996,21.452999114990234,464662.0
2008-07-14,18.94932746887207,22.91990089416504,23.7450008392334,22.323999404907227,22.91990089416504,581373.0
2008-07-15,17.963993072509766,21.728099822998047,22.91990089416504,21.728099822998047,22.82819938659668,297776.0
2008-07-16,17.812360763549805,21.544700622558594,22.09480094909668,21.544700622558594,22.00309944152832,137435.0
2008-07-17,18.380844116210938,22.2322998046875,22.91990089416504,21.819700241088867,22.91990089416504,79625.0
2008-07-18,18.342891693115234,22.186399459838867,23.469999313354492,22.00309944152832,23.469999313354492,265054.0
2008-07-21,18.115537643432617,21.911399841308594,22.553199768066406,21.361299514770508,22.46150016784668,100350.0
2008-07-22,17.963993072509766,21.728099822998047,22.278099060058594,21.682199478149414,22.00309944152832,143980.0
2008-07-23,19.176685333251953,23.194900512695312,23.240800857543945,22.00309944152832,22.00309944152832,441756.0
2008-07-24,19.1009521484375,23.103300094604492,23.469999313354492,22.91990089416504,23.469999313354492,184338.0
2008-07-25,20.42732810974121,24.707599639892578,24.707599639892578,22.553199768066406,22.91990089416504,390491.0
2008-08-18,18.570341110229492,22.46150016784668,24.020000457763672,22.46150016784668,23.92840003967285,178884.0
2008-08-19,18.532386779785156,22.415599822998047,22.82819938659668,22.00309944152832,22.048900604248047,109076.0
2008-08-20,18.494525909423828,22.369800567626953,22.736499786376953,22.278099060058594,22.736499786376953,68718.0
2008-08-21,18.19134521484375,22.00309944152832,22.736499786376953,22.00309944152832,22.46150016784668,45812.0
2008-08-22,17.69868278503418,21.40719985961914,22.369800567626953,20.490400314331055,22.369800567626953,234512.0
2008-08-25,17.585002899169922,21.269699096679688,21.63640022277832,21.269699096679688,21.40719985961914,157069.0
2008-08-26,17.585002899169922,21.269699096679688,21.819700241088867,21.269699096679688,21.544700622558594,62173.0
2008-08-27,17.88817596435547,21.63640022277832,22.00309944152832,21.269699096679688,21.269699096679688,59992.0
2008-08-28,17.69868278503418,21.40719985961914,22.09480094909668,21.269699096679688,21.728099822998047,71990.0
2008-08-29,18.91145896911621,22.874099731445312,22.874099731445312,19.94029998779297,21.40719985961914,398126.0
2008-09-01,18.039722442626953,21.819700241088867,22.553199768066406,21.544700622558594,22.553199768066406,103622.0
2008-09-02,17.357559204101562,20.994600296020508,22.278099060058594,20.719600677490234,21.17799949645996,87260.0
2008-09-03,16.1447811126709,19.527700424194336,20.994600296020508,19.527700424194336,20.994600296020508,376311.0
2008-09-04,15.04576587677002,18.198400497436523,19.802799224853516,18.198400497436523,19.252700805664062,173430.0
2008-09-05,14.022480010986328,16.9606990814209,17.69420051574707,16.9606990814209,16.9606990814209,176702.0
2008-09-08,14.969950675964355,18.106700897216797,18.106700897216797,16.9606990814209,17.32740020751953,176702.0
2008-09-09,13.94666576385498,16.868999481201172,17.877500534057617,16.868999481201172,17.877500534057617,88351.0
2008-09-10,13.49194622039795,16.319000244140625,16.9606990814209,15.722999572753906,15.722999572753906,162523.0
2008-09-11,13.188690185546875,15.952199935913086,16.9606990814209,15.860600471496582,15.860600471496582,164704.0
2008-09-12,12.279168128967285,14.852100372314453,16.089799880981445,14.852100372314453,16.089799880981445,330499.0
2008-09-15,11.445377349853516,13.843600273132324,14.668700218200684,13.843600273132324,13.843600273132324,295595.0
2008-09-16,10.649535179138184,12.880999565124512,12.880999565124512,12.880999565124512,12.880999565124512,20724.0
2008-09-17,9.929424285888672,12.010000228881836,13.247699737548828,12.010000228881836,12.651800155639648,774437.0
2008-09-18,9.247262954711914,11.184900283813477,11.734999656677246,11.184900283813477,11.184900283813477,295595.0
2008-09-19,9.891558647155762,11.964200019836426,11.964200019836426,11.23069953918457,11.45989990234375,426486.0
2008-09-22,10.57371997833252,12.789299964904785,12.789299964904785,11.964200019836426,12.743499755859375,287960.0
2008-09-23,11.293749809265137,13.660200119018555,13.660200119018555,12.376700401306152,12.376700401306152,243239.0
2008-09-24,12.051807403564453,14.577099800109863,14.577099800109863,13.660200119018555,13.93529987335205,274870.0
2008-09-25,11.748552322387695,14.21030044555664,15.127099990844727,13.751899719238281,14.668700218200684,277052.0
2008-09-26,10.99057388305664,13.293499946594238,14.485400199890137,13.293499946594238,14.393699645996094,232331.0
2008-09-30,10.535853385925293,12.743499755859375,12.835100173950195,12.376700401306152,12.376700401306152,116711.0
2008-10-01,10.687400817871094,12.926799774169922,13.385199546813965,12.789299964904785,13.247699737548828,190882.0
2008-10-02,10.839030265808105,13.110199928283691,13.568599700927734,12.926799774169922,12.926799774169922,106894.0
2008-10-03,11.218016624450684,13.568599700927734,13.706100463867188,12.651800155639648,12.835100173950195,103622.0
2008-10-06,11.066389083862305,13.385199546813965,14.302000045776367,13.110199928283691,13.568599700927734,107985.0
2008-10-07,11.218016624450684,13.568599700927734,13.843600273132324,13.110199928283691,13.110199928283691,86170.0
2008-10-08,10.535853385925293,12.743499755859375,13.568599700927734,12.743499755859375,13.293499946594238,122165.0
2008-10-09,10.308411598205566,12.468400001525879,13.293499946594238,12.468400001525879,12.835100173950195,80716.0
2008-10-13,9.96737289428711,12.055899620056152,12.422599792480469,12.055899620056152,12.055899620056152,119983.0
2008-10-14,10.649535179138184,12.880999565124512,12.880999565124512,12.468400001525879,12.880999565124512,217060.0
2008-10-15,10.535853385925293,12.743499755859375,12.880999565124512,12.468400001525879,12.743499755859375,113439.0
2008-10-16,10.270547866821289,12.422599792480469,13.018500328063965,12.330900192260742,12.330900192260742,119983.0
2008-10-17,10.497905731201172,12.697600364685059,13.201899528503418,12.376700401306152,13.201899528503418,170158.0
2008-10-20,10.460041046142578,12.651800155639648,12.743499755859375,12.376700401306152,12.468400001525879,59992.0
2008-10-21,10.91484260559082,13.201899528503418,13.522700309753418,13.110199928283691,13.293499946594238,188701.0
2008-10-22,11.445377349853516,13.843600273132324,14.11870002746582,12.926799774169922,12.926799774169922,310865.0
2008-10-23,11.293749809265137,13.660200119018555,14.027000427246094,13.385199546813965,13.385199546813965,179975.0
2008-10-24,11.066389083862305,13.385199546813965,13.93529987335205,13.293499946594238,13.93529987335205,169067.0
2008-10-27,10.687400817871094,12.926799774169922,13.93529987335205,12.835100173950195,13.385199546813965,160341.0
2008-10-28,11.331697463989258,13.706100463867188,13.706100463867188,12.285099983215332,12.605899810791016,146161.0
2008-10-29,11.142203330993652,13.476900100708008,14.485400199890137,13.293499946594238,14.485400199890137,118892.0
2008-10-30,11.445377349853516,13.843600273132324,14.11870002746582,13.018500328063965,13.476900100708008,137435.0
2008-10-31,11.824365615844727,14.302000045776367,14.485400199890137,13.751899719238281,14.21030044555664,139617.0
2008-11-03,11.521190643310547,13.93529987335205,14.577099800109863,13.88949966430664,14.577099800109863,105803.0
2008-11-04,12.051807403564453,14.577099800109863,14.577099800109863,13.476900100708008,14.027000427246094,195245.0
2008-11-05,12.885516166687012,15.58549976348877,15.58549976348877,14.577099800109863,14.852100372314453,472297.0
2008-11-06,12.089673042297363,14.622900009155273,15.264599800109863,14.531200408935547,14.577099800109863,232331.0
2008-11-07,12.771835327148438,15.447999954223633,15.53969955444336,13.660200119018555,13.660200119018555,182156.0
2008-11-10,12.733969688415527,15.402199745178223,16.319000244140625,14.98960018157959,16.319000244140625,391581.0
2008-11-11,12.544476509094238,15.17300033569336,16.043899536132812,15.127099990844727,15.310500144958496,218151.0
2008-11-12,12.051807403564453,14.577099800109863,15.402199745178223,14.302000045776367,15.402199745178223,238876.0
2008-11-13,11.369563102722168,13.751899719238281,14.393699645996094,13.751899719238281,14.393699645996094,166886.0
2008-11-14,11.369563102722168,13.751899719238281,14.21030044555664,13.568599700927734,14.11870002746582,110166.0
2008-11-17,10.99057388305664,13.293499946594238,13.660200119018555,13.110199928283691,13.293499946594238,66536.0
2008-11-18,10.535853385925293,12.743499755859375,13.247699737548828,12.376700401306152,13.018500328063965,123255.0
2008-11-19,10.460041046142578,12.651800155639648,12.835100173950195,12.101699829101562,12.743499755859375,63264.0
2008-11-20,10.232599258422852,12.376700401306152,12.835100173950195,12.101699829101562,12.376700401306152,100350.0
2008-11-21,10.38422679901123,12.560099601745605,12.605899810791016,12.101699829101562,12.376700401306152,81807.0
2008-11-24,10.270547866821289,12.422599792480469,12.880999565124512,12.376700401306152,12.880999565124512,99259.0
2008-11-25,10.422091484069824,12.605899810791016,13.201899528503418,12.605899810791016,12.651800155639648,49084.0
2008-11-26,10.535853385925293,12.743499755859375,13.018500328063965,12.697600364685059,13.018500328063965,22906.0
2008-11-27,10.91484260559082,13.201899528503418,13.476900100708008,12.835100173950195,12.835100173950195,99259.0
2008-11-28,11.066389083862305,13.385199546813965,13.751899719238281,13.201899528503418,13.751899719238281,62173.0
2008-12-01,10.876893997192383,13.156000137329102,13.522700309753418,13.110199928283691,13.385199546813965,112348.0
2008-12-02,10.38422679901123,12.560099601745605,12.835100173950195,12.514300346374512,12.835100173950195,49084.0
2008-12-03,10.232599258422852,12.376700401306152,12.926799774169922,12.376700401306152,12.651800155639648,102531.0
2008-12-04,10.308411598205566,12.468400001525879,12.835100173950195,12.193400382995605,12.789299964904785,106894.0
2008-12-05,10.156867027282715,12.285099983215332,12.468400001525879,12.2391996383667,12.468400001525879,59992.0
2008-12-08,10.308411598205566,12.468400001525879,12.743499755859375,12.285099983215332,12.514300346374512,118892.0
2008-12-09,10.460041046142578,12.651800155639648,12.789299964904785,12.376700401306152,12.560099601745605,148343.0
2008-12-10,10.611587524414062,12.835100173950195,13.339400291442871,12.651800155639648,12.697600364685059,203971.0
2008-12-11,10.535853385925293,12.743499755859375,13.110199928283691,12.605899810791016,12.835100173950195,160341.0
2008-12-12,10.081052780151367,12.193400382995605,12.835100173950195,12.101699829101562,12.743499755859375,66536.0
2008-12-15,9.853609085083008,11.918299674987793,12.560099601745605,11.918299674987793,12.193400382995605,148343.0
2008-12-16,9.664116859436035,11.68910026550293,11.918299674987793,11.551600456237793,11.551600456237793,55629.0
2008-12-17,9.96737289428711,12.055899620056152,12.055899620056152,11.64330005645752,11.734999656677246,166886.0
2008-12-18,9.853609085083008,11.918299674987793,12.055899620056152,11.826700210571289,11.918299674987793,77444.0
2008-12-19,9.929424285888672,12.010000228881836,12.285099983215332,11.918299674987793,11.918299674987793,137435.0
2008-12-22,9.853609085083008,11.918299674987793,12.376700401306152,11.826700210571289,11.826700210571289,185428.0
2008-12-23,9.323076248168945,11.276599884033203,11.734999656677246,11.184900283813477,11.734999656677246,151615.0
2008-12-24,9.550436973571777,11.551600456237793,12.055899620056152,11.276599884033203,11.276599884033203,103622.0
2008-12-25,9.474620819091797,11.45989990234375,11.918299674987793,11.45989990234375,11.918299674987793,114529.0
2008-12-26,9.51257038116455,11.505800247192383,11.59749984741211,11.45989990234375,11.45989990234375,79625.0
2008-12-29,9.209397315979004,11.139100074768066,11.505800247192383,11.04740047454834,11.322400093078613,35995.0
2008-12-30,9.323076248168945,11.276599884033203,11.68910026550293,11.23069953918457,11.23069953918457,158160.0
2008-12-31,9.96737289428711,12.055899620056152,12.055899620056152,11.368300437927246,11.368300437927246,471207.0
2009-01-05,9.891558647155762,11.964200019836426,12.468400001525879,11.918299674987793,12.468400001525879,294504.0
2009-01-06,10.043105125427246,12.147500038146973,12.147500038146973,11.918299674987793,12.010000228881836,135254.0
2009-01-07,9.96737289428711,12.055899620056152,12.514300346374512,11.964200019836426,12.468400001525879,169067.0
2009-01-08,9.588384628295898,11.59749984741211,11.918299674987793,11.59749984741211,11.8725004196167,198518.0
2009-01-09,9.777877807617188,11.826700210571289,11.964200019836426,11.59749984741211,11.59749984741211,30541.0
2009-01-12,9.550436973571777,11.551600456237793,11.68910026550293,11.45989990234375,11.59749984741211,105803.0
2009-01-13,9.51257038116455,11.505800247192383,11.551600456237793,11.45989990234375,11.551600456237793,52356.0
2009-01-14,9.853609085083008,11.918299674987793,11.918299674987793,11.45989990234375,11.505800247192383,98168.0
2009-01-15,9.398890495300293,11.368300437927246,11.505800247192383,11.322400093078613,11.45989990234375,104713.0
2009-01-16,9.247262954711914,11.184900283813477,11.184900283813477,11.184900283813477,11.45989990234375,104713.0
2009-01-19,9.323076248168945,11.276599884033203,11.64330005645752,11.184900283813477,11.184900283813477,11998.0
2009-01-20,9.285127639770508,11.23069953918457,11.368300437927246,11.001500129699707,11.368300437927246,83988.0
2009-01-21,9.095633506774902,11.001500129699707,11.276599884033203,10.909899711608887,11.001500129699707,78534.0
2009-02-02,9.171445846557617,11.093199729919434,11.093199729919434,10.909899711608887,11.001500129699707,22906.0
2009-02-03,9.664116859436035,11.68910026550293,11.734999656677246,11.276599884033203,11.276599884033203,81807.0
2009-02-04,9.664116859436035,11.68910026550293,12.010000228881836,11.41409969329834,12.010000228881836,51266.0
2009-02-05,9.398890495300293,11.368300437927246,11.64330005645752,11.276599884033203,11.64330005645752,111257.0
2009-02-06,9.588384628295898,11.59749984741211,11.8725004196167,11.551600456237793,11.826700210571289,65445.0
2009-02-09,9.398890495300293,11.368300437927246,11.734999656677246,11.368300437927246,11.734999656677246,70899.0
2009-02-10,9.550436973571777,11.551600456237793,11.64330005645752,11.322400093078613,11.322400093078613,38176.0
2009-02-11,9.474620819091797,11.45989990234375,11.59749984741211,11.093199729919434,11.276599884033203,75262.0
2009-02-12,9.853609085083008,11.918299674987793,12.193400382995605,11.505800247192383,11.505800247192383,169067.0
2009-02-13,9.739930152893066,11.780799865722656,12.010000228881836,11.64330005645752,11.734999656677246,53447.0
2009-02-16,9.891558647155762,11.964200019836426,12.147500038146973,11.505800247192383,11.505800247192383,73081.0
2009-02-17,9.702065467834473,11.734999656677246,12.468400001525879,11.68910026550293,12.468400001525879,116711.0
2009-02-18,9.626250267028809,11.64330005645752,11.918299674987793,11.59749984741211,11.68910026550293,77444.0
2009-02-19,9.588384628295898,11.59749984741211,11.734999656677246,11.551600456237793,11.64330005645752,64355.0
2009-02-20,9.474620819091797,11.45989990234375,11.734999656677246,11.45989990234375,11.68910026550293,55629.0
2009-02-23,10.118918418884277,12.2391996383667,12.2391996383667,11.59749984741211,12.193400382995605,379583.0
2009-02-24,10.801079750061035,13.064299583435059,13.064299583435059,12.376700401306152,12.926799774169922,582464.0
2009-02-25,10.99057388305664,13.293499946594238,13.843600273132324,13.064299583435059,13.843600273132324,653363.0
2009-02-26,10.801079750061035,13.064299583435059,13.751899719238281,12.605899810791016,13.751899719238281,358859.0
2009-02-27,11.255882263183594,13.614399909973145,13.614399909973145,12.743499755859375,13.064299583435059,277052.0
2009-03-02,10.649535179138184,12.880999565124512,13.568599700927734,12.743499755859375,13.522700309753418,281415.0
2009-03-03,10.763215065002441,13.018500328063965,13.018500328063965,12.468400001525879,12.514300346374512,162523.0
2009-03-04,10.535853385925293,12.743499755859375,13.247699737548828,12.697600364685059,13.018500328063965,143980.0
2009-03-05,10.876893997192383,13.156000137329102,13.247699737548828,12.743499755859375,12.743499755859375,185428.0
2009-03-06,11.634870529174805,14.072799682617188,14.072799682617188,13.018500328063965,13.018500328063965,823521.0
2009-03-09,11.786499977111816,14.256199836730957,14.668700218200684,13.981100082397461,14.577099800109863,563921.0
2009-03-10,11.369563102722168,13.751899719238281,14.21030044555664,13.751899719238281,14.21030044555664,246511.0
2009-03-11,11.218016624450684,13.568599700927734,13.93529987335205,13.568599700927734,13.93529987335205,239966.0
2009-03-12,11.255882263183594,13.614399909973145,14.027000427246094,13.522700309753418,13.568599700927734,226877.0
2009-03-13,11.407510757446289,13.797800064086914,13.93529987335205,13.568599700927734,13.751899719238281,257418.0
2009-03-16,12.051807403564453,14.577099800109863,14.76039981842041,13.797800064086914,13.797800064086914,545378.0
2009-03-17,11.672820091247559,14.11870002746582,14.485400199890137,13.93529987335205,14.485400199890137,268326.0
2009-03-18,11.597004890441895,14.027000427246094,14.439499855041504,13.93529987335205,14.21030044555664,316319.0
2009-03-19,11.672820091247559,14.11870002746582,14.439499855041504,14.072799682617188,14.347800254821777,273780.0
2009-03-20,11.672820091247559,14.11870002746582,14.302000045776367,13.93529987335205,14.21030044555664,126528.0
2009-03-23,12.46866226196289,15.081299781799316,15.081299781799316,14.11870002746582,14.11870002746582,566102.0
2009-03-24,12.885516166687012,15.58549976348877,16.043899536132812,15.218799591064453,15.58549976348877,780981.0
2009-03-25,13.757171630859375,16.639799118041992,16.639799118041992,15.310500144958496,15.58549976348877,919507.0
2009-03-26,14.704643249511719,17.78580093383789,17.78580093383789,17.78580093383789,17.78580093383789,280324.0
2009-03-27,15.727927207946777,19.023500442504883,19.023500442504883,19.023500442504883,19.023500442504883,287960.0
2009-03-30,16.827022552490234,20.3528995513916,20.3528995513916,20.3528995513916,20.3528995513916,169067.0
2009-03-31,18.001853942871094,21.77389907836914,21.77389907836914,21.132099151611328,21.77389907836914,3037755.0
2009-04-02,20.57895851135254,24.891000747680664,24.891000747680664,23.836700439453125,24.203399658203125,825702.0
2009-04-03,20.124156951904297,24.340900421142578,26.63290023803711,24.29509925842285,26.63290023803711,1902278.0
2009-04-06,20.237836837768555,24.4783992767334,25.21190071105957,23.469999313354492,24.38680076599121,1420164.0
2009-04-07,21.64011001586914,26.17449951171875,26.17449951171875,24.38680076599121,24.38680076599121,1028583.0
2009-04-08,23.118194580078125,27.962299346923828,27.962299346923828,26.63290023803711,26.63290023803711,2332036.0
2009-04-09,23.68667984008789,28.649900436401367,29.337499618530273,26.953800201416016,28.374799728393555,1569598.0
2009-04-10,24.93732452392578,30.162599563598633,30.254199981689453,27.962299346923828,28.649900436401367,1953544.0
2009-04-13,23.49718475341797,28.420700073242188,31.354400634765625,28.420700073242188,31.262699127197266,1655767.0
2009-04-14,24.672014236450195,29.841699600219727,30.254199981689453,28.32900047302246,28.420700073242188,1631771.0
2009-04-15,23.57291603088379,28.512300491333008,30.621000289916992,28.420700073242188,30.254199981689453,1096210.0
2009-04-16,22.777074813842773,27.549699783325195,29.337499618530273,27.5039005279541,29.337499618530273,1448524.0
2009-04-17,21.185306549072266,25.624399185180664,29.062400817871094,25.624399185180664,27.183000564575195,2297132.0
2009-04-20,20.275785446166992,24.52429962158203,25.624399185180664,23.836700439453125,25.624399185180664,1438707.0
2009-04-21,21.67806053161621,26.220399856567383,26.220399856567383,23.65329933166504,23.92840003967285,1234736.0
2009-04-22,23.193927764892578,28.05389976501465,28.05389976501465,26.587099075317383,27.8705997467041,1942636.0
2009-04-23,23.72454261779785,28.69569969177246,29.337499618530273,27.5039005279541,28.69569969177246,1698307.0
2009-04-24,23.193927764892578,28.05389976501465,28.879100799560547,27.5039005279541,28.420700073242188,1147475.0
2009-04-27,22.739208221435547,27.5039005279541,28.879100799560547,27.045499801635742,28.05389976501465,1143112.0
2009-04-28,21.14743995666504,25.57859992980957,27.962299346923828,25.57859992980957,27.778900146484375,1089665.0
2009-04-29,19.669355392456055,23.790800094604492,25.57859992980957,23.790800094604492,24.432600021362305,847517.0
2009-04-30,21.033761978149414,25.441099166870117,25.441099166870117,23.92840003967285,25.395200729370117,868242.0
2009-05-04,21.67806053161621,26.220399856567383,26.312000274658203,24.340900421142578,25.624399185180664,909690.0
2009-05-05,21.753787994384766,26.312000274658203,27.595500946044922,25.670299530029297,26.587099075317383,1096210.0
2009-05-06,21.602245330810547,26.128700256347656,26.99959945678711,25.94529914855957,26.128700256347656,808250.0
2009-05-07,22.208595275878906,26.86210060119629,27.5039005279541,25.853599548339844,26.77039909362793,935868.0
2009-05-08,21.753787994384766,26.312000274658203,27.320499420166016,26.17449951171875,26.86210060119629,626094.0
2009-05-11,22.3222713470459,26.99959945678711,27.916400909423828,26.220399856567383,26.220399856567383,906418.0
2009-05-12,21.488481521606445,25.991100311279297,26.99959945678711,25.94529914855957,26.99959945678711,502838.0
2009-05-13,21.298988342285156,25.761899948120117,26.495399475097656,25.716100692749023,26.03700065612793,484296.0
2009-05-14,20.730587005615234,25.074399948120117,26.128700256347656,24.75349998474121,25.303600311279297,417759.0
2009-05-15,21.071626663208008,25.486900329589844,26.082799911499023,25.21190071105957,25.21190071105957,297776.0
2009-05-18,21.450613021850586,25.94529914855957,26.357900619506836,25.486900329589844,26.082799911499023,419941.0
2009-05-19,21.56429672241211,26.082799911499023,26.86210060119629,26.082799911499023,26.678699493408203,676269.0
2009-05-20,22.663394927978516,27.412200927734375,27.5039005279541,26.03700065612793,26.17449951171875,1073304.0
2009-05-21,22.056962966918945,26.678699493408203,27.412200927734375,26.678699493408203,27.045499801635742,713354.0
2009-05-22,23.57291603088379,28.512300491333008,28.512300491333008,26.587099075317383,27.5039005279541,1565235.0
2009-05-25,23.421369552612305,28.32900047302246,30.070899963378906,27.916400909423828,29.612499237060547,1327450.0
2009-05-26,21.981231689453125,26.587099075317383,28.879100799560547,26.587099075317383,28.05389976501465,741714.0
2009-05-27,23.30769157409668,28.191499710083008,28.420700073242188,26.220399856567383,26.953800201416016,1125660.0
2009-06-01,24.93732452392578,30.162599563598633,30.162599563598633,27.68720054626465,27.68720054626465,1236917.0
2009-06-02,25.80898094177246,31.216899871826172,32.27119827270508,31.17099952697754,32.27119827270508,2955948.0
2009-06-03,24.027719497680664,29.062400817871094,30.987699508666992,29.062400817871094,30.987699508666992,1480156.0
2009-06-04,25.0130558013916,30.254199981689453,30.34589958190918,28.512300491333008,28.512300491333008,948958.0
2009-06-05,24.255163192749023,29.337499618530273,31.17099952697754,29.337499618530273,30.254199981689453,634820.0
2009-06-08,25.846845626831055,31.262699127197266,32.04199981689453,29.704200744628906,31.07939910888672,1967723.0
2009-06-09,25.92266082763672,31.354400634765625,33.417198181152344,30.80430030822754,31.6294002532959,2371303.0
2009-06-10,24.14139747619629,29.199899673461914,32.72959899902344,29.199899673461914,32.36289978027344,1969905.0
2009-06-11,24.103534698486328,29.15410041809082,30.070899963378906,27.183000564575195,27.595500946044922,1600139.0
2009-06-12,24.330894470214844,29.429100036621094,30.529300689697266,29.199899673461914,29.612499237060547,718808.0
2009-06-15,22.663394927978516,27.412200927734375,29.52079963684082,27.412200927734375,29.337499618530273,637001.0
2009-06-16,21.223255157470703,25.670299530029297,27.8705997467041,25.57859992980957,26.495399475097656,536652.0
2009-06-17,21.412748336791992,25.899499893188477,27.045499801635742,25.532699584960938,25.670299530029297,503929.0
2009-06-18,21.753787994384766,26.312000274658203,26.495399475097656,25.21190071105957,26.495399475097656,382855.0
2009-06-19,21.981231689453125,26.587099075317383,26.678699493408203,25.761899948120117,26.312000274658203,259600.0
2009-06-22,23.421369552612305,28.32900047302246,28.420700073242188,26.587099075317383,26.587099075317383,474479.0
2009-06-23,22.739208221435547,27.5039005279541,28.237300872802734,27.22879981994629,27.595500946044922,393763.0
2009-06-24,23.080249786376953,27.916400909423828,28.05389976501465,27.22879981994629,27.778900146484375,195245.0
2009-06-25,22.398086547851562,27.091299057006836,28.237300872802734,26.77039909362793,27.962299346923828,400307.0
2009-06-26,23.421369552612305,28.32900047302246,28.879100799560547,27.5039005279541,27.5039005279541,471207.0
2009-06-29,22.587581634521484,27.320499420166016,28.32900047302246,27.045499801635742,27.962299346923828,292323.0
2009-06-30,22.284406661987305,26.953800201416016,27.778900146484375,26.77039909362793,27.595500946044922,220333.0
2009-07-01,22.435949325561523,27.137100219726562,27.5039005279541,26.86210060119629,26.86210060119629,230149.0
2009-07-02,23.98985481262207,29.016599655151367,29.016599655151367,27.22879981994629,27.5039005279541,639183.0
2009-07-03,25.657350540161133,31.03350067138672,31.03350067138672,29.429100036621094,30.070899963378906,968591.0
2009-07-06,27.438613891601562,33.1879997253418,33.1879997253418,31.17099952697754,33.1879997253418,2988671.0
2009-07-07,29.333553314208984,35.47999954223633,35.47999954223633,32.36289978027344,33.9213981628418,2217507.0
2009-07-08,31.380035400390625,37.955299377441406,37.955299377441406,35.47999954223633,36.213401794433594,3011577.0
2009-07-09,33.540287017822266,40.568199157714844,40.568199157714844,38.505401611328125,38.505401611328125,1689581.0
2009-07-10,34.86674499511719,42.17259979248047,43.36439895629883,38.13869857788086,43.36439895629883,4095788.0
2009-07-13,32.441184997558594,39.238800048828125,41.25579833984375,39.238800048828125,39.238800048828125,2076799.0
2009-07-14,34.6772575378418,41.94340133666992,41.94340133666992,38.96379852294922,39.238800048828125,1840105.0
2009-07-15,35.32154846191406,42.72269821166992,44.87710189819336,42.17259979248047,43.82279968261719,3766380.0
2009-07-16,35.32154846191406,42.72269821166992,44.00619888305664,41.622501373291016,42.72269821166992,2315675.0
2009-07-17,37.216495513916016,45.01470184326172,45.564701080322266,42.26430130004883,42.72269821166992,2233868.0
2009-07-20,36.761688232421875,44.464599609375,46.75659942626953,44.00619888305664,45.83980178833008,2816331.0
2009-07-21,34.56357955932617,41.80590057373047,44.55630111694336,41.80590057373047,44.464599609375,1770297.0
2009-07-22,33.123435974121094,40.06399917602539,43.08940124511719,39.60559844970703,39.60559844970703,1443070.0
2009-07-23,33.123435974121094,40.06399917602539,41.25579833984375,38.96379852294922,39.88059997558594,1162746.0
2009-07-24,32.36545944213867,39.14720153808594,41.164100646972656,39.14720153808594,40.797401428222656,953321.0
2009-07-27,32.36545944213867,39.14720153808594,40.155601501464844,38.96379852294922,39.05550003051758,871514.0
2009-07-28,32.441184997558594,39.238800048828125,39.60559844970703,38.68880081176758,39.238800048828125,799524.0
2009-07-29,34.26040267944336,41.43920135498047,41.94340133666992,39.238800048828125,39.238800048828125,2784700.0
2009-07-30,33.42660903930664,40.43069839477539,41.43920135498047,39.51390075683594,41.25579833984375,1320905.0
2009-07-31,33.50242614746094,40.52239990234375,42.99769973754883,40.52239990234375,41.164100646972656,1527058.0
2009-08-03,32.82018280029297,39.697200775146484,41.71419906616211,39.51390075683594,40.52239990234375,843154.0
2009-08-04,30.849504470825195,37.3135986328125,40.43069839477539,36.9468994140625,39.88059997558594,2009172.0
2009-08-05,29.560914993286133,35.755001068115234,37.3135986328125,34.74660110473633,35.755001068115234,1625226.0
2009-08-06,28.992433547973633,35.06740188598633,36.07590103149414,34.65489959716797,36.07590103149414,579191.0
2009-08-10,29.93990135192871,36.213401794433594,37.40530014038086,34.65489959716797,34.838199615478516,550832.0
2009-08-11,30.47052001953125,36.855201721191406,37.3135986328125,36.213401794433594,36.213401794433594,580282.0
2009-08-12,31.076862335205078,37.588600158691406,38.36790084838867,36.855201721191406,37.45109939575195,554104.0
2009-08-13,30.849504470825195,37.3135986328125,38.13869857788086,37.13019943237305,37.955299377441406,441756.0
2009-08-14,30.6978759765625,37.13019943237305,37.86370086669922,37.13019943237305,37.3135986328125,378492.0
2009-08-17,29.030378341674805,35.11330032348633,36.9468994140625,35.02159881591797,36.213401794433594,260691.0
2009-08-18,28.044960021972656,33.9213981628418,35.47999954223633,33.1879997253418,33.4630012512207,635911.0
2009-08-19,28.802936553955078,34.838199615478516,35.47999954223633,34.104801177978516,34.104801177978516,319591.0
2009-08-20,27.665971755981445,33.4630012512207,34.563201904296875,33.004600524902344,34.379798889160156,421032.0
2009-08-21,28.4239501953125,34.379798889160156,35.755001068115234,34.013099670410156,34.379798889160156,655544.0
2009-08-24,29.560914993286133,35.755001068115234,36.03010177612305,34.838199615478516,34.838199615478516,491931.0
2009-08-25,29.864086151123047,36.121700286865234,36.9468994140625,35.84669876098633,36.213401794433594,655544.0
2009-08-26,29.864086151123047,36.121700286865234,37.40530014038086,36.121700286865234,36.121700286865234,601006.0
2009-08-27,28.765073776245117,34.79240036010742,36.5343017578125,34.013099670410156,36.121700286865234,467934.0
2009-08-28,28.196592330932617,34.104801177978516,34.838199615478516,33.4630012512207,33.4630012512207,279233.0
2009-08-31,28.727205276489258,34.74660110473633,35.11330032348633,34.19649887084961,34.379798889160156,205062.0
2009-09-01,28.802936553955078,34.838199615478516,34.838199615478516,33.96730041503906,34.838199615478516,443938.0
2009-09-02,30.811559677124023,37.2677001953125,37.2677001953125,34.60900115966797,34.838199615478516,918416.0
2009-09-03,32.13801193237305,38.872100830078125,39.42219924926758,37.588600158691406,38.13869857788086,1657949.0
2009-09-04,31.152681350708008,37.680301666259766,39.238800048828125,37.6343994140625,39.238800048828125,590099.0
2009-09-07,30.39470863342285,36.76350021362305,38.321998596191406,36.67179870605469,38.321998596191406,482114.0
2009-09-08,30.47052001953125,36.855201721191406,37.588600158691406,36.71770095825195,36.9468994140625,327227.0
2009-09-09,30.77369499206543,37.221900939941406,37.72610092163086,36.9468994140625,37.49689865112305,352314.0
2009-09-10,29.712541580200195,35.93840026855469,37.77199935913086,35.47999954223633,37.3135986328125,422122.0
2009-09-11,29.93990135192871,36.213401794433594,36.580101013183594,35.57170104980469,35.93840026855469,257418.0
2009-09-14,30.015716552734375,36.30509948730469,37.13019943237305,35.755001068115234,36.30509948730469,371948.0
2009-09-15,30.356834411621094,36.71770095825195,37.13019943237305,36.35089874267578,36.35089874267578,353405.0
2009-09-16,30.167339324951172,36.48849868774414,38.047000885009766,36.35089874267578,37.86370086669922,520291.0
2009-09-17,29.78835678100586,36.03010177612305,37.221900939941406,36.03010177612305,37.221900939941406,501748.0
2009-09-18,29.864086151123047,36.121700286865234,36.67179870605469,35.15909957885742,35.15909957885742,311956.0
2009-09-21,31.94852066040039,38.64289855957031,38.64289855957031,36.213401794433594,36.30509948730469,1504152.0
2009-09-22,31.53166389465332,38.13869857788086,40.3390007019043,38.047000885009766,40.3390007019043,1130023.0
2009-09-23,30.24307632446289,36.580101013183594,38.780399322509766,36.48849868774414,38.13869857788086,643546.0
2009-09-24,30.39470863342285,36.76350021362305,37.588600158691406,36.5343017578125,36.5343017578125,379583.0
2009-09-25,30.47052001953125,36.855201721191406,37.13019943237305,36.580101013183594,36.76350021362305,275961.0
2009-09-28,30.09153175354004,36.39680099487305,37.08440017700195,36.03010177612305,37.08440017700195,295595.0
2009-09-29,30.31889533996582,36.67179870605469,36.9468994140625,36.39680099487305,36.39680099487305,145071.0
2009-09-30,30.39470863342285,36.76350021362305,37.221900939941406,36.67179870605469,36.67179870605469,316319.0
2009-10-01,30.24307632446289,36.580101013183594,37.03850173950195,36.44260025024414,36.76350021362305,352314.0
2009-10-02,30.167339324951172,36.48849868774414,37.03850173950195,36.30509948730469,36.39680099487305,346860.0
2009-10-05,30.31889533996582,36.67179870605469,37.03850173950195,36.5343017578125,37.03850173950195,170158.0
2009-10-06,30.47052001953125,36.855201721191406,37.588600158691406,36.67179870605469,36.76350021362305,385037.0
2009-10-07,30.015716552734375,36.30509948730469,37.08440017700195,36.30509948730469,36.9468994140625,431939.0
2009-10-08,30.6978759765625,37.13019943237305,37.13019943237305,36.121700286865234,36.30509948730469,335953.0
2009-10-09,30.015716552734375,36.30509948730469,37.40530014038086,36.30509948730469,37.40530014038086,273780.0
2009-10-12,30.015716552734375,36.30509948730469,36.67179870605469,36.213401794433594,36.35089874267578,246511.0
2009-10-13,30.281023025512695,36.625999450683594,36.625999450683594,35.84669876098633,35.84669876098633,299958.0
2009-10-14,30.47052001953125,36.855201721191406,37.588600158691406,36.213401794433594,36.213401794433594,529017.0
2009-10-15,29.93990135192871,36.213401794433594,37.2677001953125,36.213401794433594,37.13019943237305,314138.0
2009-10-16,30.09153175354004,36.39680099487305,36.71770095825195,36.213401794433594,36.30509948730469,159250.0
2009-10-19,30.31889533996582,36.67179870605469,37.03850173950195,36.30509948730469,36.580101013183594,304321.0
2009-10-20,30.167339324951172,36.48849868774414,37.13019943237305,36.48849868774414,37.13019943237305,242148.0
2009-10-21,31.076862335205078,37.588600158691406,38.047000885009766,36.30509948730469,36.67179870605469,824611.0
2009-10-22,30.31889533996582,36.67179870605469,37.77199935913086,36.67179870605469,37.588600158691406,370857.0
2009-10-23,30.24307632446289,36.580101013183594,36.80929946899414,36.48849868774414,36.67179870605469,213788.0
2009-10-26,30.015716552734375,36.30509948730469,37.13019943237305,36.30509948730469,36.580101013183594,245420.0
2009-10-27,29.712541580200195,35.93840026855469,36.30509948730469,35.84669876098633,36.213401794433594,258509.0
2009-10-28,29.560914993286133,35.755001068115234,36.48849868774414,35.663299560546875,35.93840026855469,211607.0
2009-10-29,27.93128204345703,33.78390121459961,35.57170104980469,33.32550048828125,35.57170104980469,434121.0
2009-10-30,28.196592330932617,34.104801177978516,34.379798889160156,33.78390121459961,33.78390121459961,245420.0
2009-11-02,27.96922492980957,33.82979965209961,33.9213981628418,33.050498962402344,33.646400451660156,229059.0
2009-11-03,28.082910537719727,33.96730041503906,34.28820037841797,33.82979965209961,33.82979965209961,86170.0
2009-11-04,28.4239501953125,34.379798889160156,34.79240036010742,33.96730041503906,33.96730041503906,103622.0
2009-11-05,29.181928634643555,35.296600341796875,36.67179870605469,34.379798889160156,34.379798889160156,387218.0
2009-11-06,28.802936553955078,34.838199615478516,36.213401794433594,34.70069885253906,36.213401794433594,164704.0
2009-11-09,28.878746032714844,34.929901123046875,35.25080108642578,34.563201904296875,34.838199615478516,95987.0
2009-11-10,28.802936553955078,34.838199615478516,35.296600341796875,34.65489959716797,35.296600341796875,86170.0
2009-11-11,28.4239501953125,34.379798889160156,34.88410186767578,33.4630012512207,33.4630012512207,205062.0
2009-11-12,28.575576782226562,34.563201904296875,35.296600341796875,33.9213981628418,33.9213981628418,87260.0
2009-11-13,28.537630081176758,34.51729965209961,35.02159881591797,34.471500396728516,35.02159881591797,58901.0
2009-11-16,29.40936851501465,35.57170104980469,36.07590103149414,35.11330032348633,36.07590103149414,140707.0
2009-11-17,28.575576782226562,34.563201904296875,35.755001068115234,34.563201904296875,35.57170104980469,184338.0
2009-11-18,29.295682907104492,35.434200286865234,35.84669876098633,34.929901123046875,35.663299560546875,223605.0
2009-11-19,29.6367244720459,35.84669876098633,36.580101013183594,35.47999954223633,35.61750030517578,459208.0
2009-11-20,29.447227478027344,35.61750030517578,36.30509948730469,35.57170104980469,35.755001068115234,150524.0
2009-11-23,29.144058227539062,35.25080108642578,35.61750030517578,35.02159881591797,35.61750030517578,149434.0
2009-11-24,28.992433547973633,35.06740188598633,35.70920181274414,34.838199615478516,35.296600341796875,433030.0
2009-11-25,28.992433547973633,35.06740188598633,35.70920181274414,34.838199615478516,34.838199615478516,279233.0
2009-11-26,29.25774383544922,35.388301849365234,36.35089874267578,35.06740188598633,35.06740188598633,719899.0
2009-11-27,28.802936553955078,34.838199615478516,36.07590103149414,34.838199615478516,35.02159881591797,309775.0
2009-11-30,28.954565048217773,35.02159881591797,35.57170104980469,35.02159881591797,35.57170104980469,163613.0
2009-12-01,30.963184356689453,37.45109939575195,37.45109939575195,35.296600341796875,35.296600341796875,1305635.0
2009-12-02,32.59281921386719,39.42219924926758,40.06399917602539,37.588600158691406,38.047000885009766,2430204.0
2009-12-03,31.41798973083496,38.00120162963867,39.42219924926758,38.00120162963867,39.42219924926758,938050.0
2009-12-04,31.190549850463867,37.72610092163086,39.330501556396484,37.588600158691406,37.680301666259766,647909.0
2009-12-07,32.59281921386719,39.42219924926758,39.9723014831543,37.77199935913086,37.77199935913086,1187833.0
2009-12-08,31.607479095458984,38.23040008544922,39.330501556396484,37.77199935913086,39.05550003051758,660998.0
2009-12-09,31.076862335205078,37.588600158691406,38.13869857788086,36.67179870605469,37.86370086669922,850790.0
2009-12-10,30.31889533996582,36.67179870605469,38.505401611328125,36.213401794433594,37.77199935913086,641364.0
2009-12-11,30.77369499206543,37.221900939941406,37.588600158691406,36.48849868774414,36.67179870605469,510474.0
2009-12-14,30.167339324951172,36.48849868774414,37.49689865112305,36.48849868774414,37.3135986328125,364312.0
2009-12-15,30.584196090698242,36.992698669433594,37.77199935913086,36.48849868774414,36.67179870605469,337044.0
2009-12-16,30.546329498291016,36.9468994140625,37.955299377441406,36.67179870605469,37.588600158691406,303230.0
2009-12-17,30.167339324951172,36.48849868774414,37.86370086669922,36.48849868774414,37.35940170288086,380674.0
2009-12-18,30.6978759765625,37.13019943237305,37.13019943237305,36.03010177612305,36.03010177612305,187610.0
2009-12-21,30.167339324951172,36.48849868774414,37.221900939941406,36.30509948730469,37.13019943237305,127618.0
2009-12-22,30.31889533996582,36.67179870605469,36.9468994140625,36.48849868774414,36.9468994140625,105803.0
2009-12-23,30.05358123779297,36.35089874267578,36.855201721191406,36.35089874267578,36.67179870605469,150524.0
2009-12-24,30.09153175354004,36.39680099487305,36.855201721191406,36.30509948730469,36.48849868774414,148343.0
2009-12-25,30.12939453125,36.44260025024414,36.855201721191406,36.213401794433594,36.39680099487305,197427.0
2009-12-28,30.12939453125,36.44260025024414,37.77199935913086,36.44260025024414,37.77199935913086,201790.0
2009-12-29,29.712541580200195,35.93840026855469,36.67179870605469,35.84669876098633,36.48849868774414,266144.0
2009-12-30,29.750408172607422,35.98419952392578,36.48849868774414,35.84669876098633,35.84669876098633,296686.0
2009-12-31,29.864086151123047,36.121700286865234,36.259300231933594,35.57170104980469,36.121700286865234,539924.0
2010-01-04,29.333553314208984,35.47999954223633,36.121700286865234,35.296600341796875,36.121700286865234,329408.0
2010-01-05,28.954565048217773,35.02159881591797,35.70920181274414,34.838199615478516,35.70920181274414,363222.0
2010-01-06,29.333553314208984,35.47999954223633,35.89250183105469,34.471500396728516,35.02159881591797,601006.0
2010-01-07,28.727205276489258,34.74660110473633,35.434200286865234,34.65489959716797,35.434200286865234,304321.0
2010-01-08,28.727205276489258,34.74660110473633,35.25080108642578,34.104801177978516,34.471500396728516,193064.0
2010-01-11,28.954565048217773,35.02159881591797,35.47999954223633,34.104801177978516,34.104801177978516,222514.0
2010-01-12,29.37141990661621,35.52579879760742,35.70920181274414,35.02159881591797,35.02159881591797,203971.0
2010-01-13,28.954565048217773,35.02159881591797,35.755001068115234,34.97570037841797,35.52579879760742,161432.0
2010-01-14,30.963184356689453,37.45109939575195,37.45109939575195,35.755001068115234,35.755001068115234,1309998.0
2010-01-15,32.13801193237305,38.872100830078125,39.88059997558594,38.047000885009766,39.14720153808594,2834874.0
2010-01-18,31.64535140991211,38.27619934082031,39.42219924926758,38.047000885009766,38.505401611328125,939141.0
2010-01-19,30.47052001953125,36.855201721191406,38.505401611328125,36.80929946899414,38.27619934082031,631548.0
2010-01-20,31.00104522705078,37.49689865112305,37.588600158691406,36.80929946899414,37.40530014038086,457027.0
2010-01-21,29.6367244720459,35.84669876098633,37.40530014038086,35.84669876098633,37.13019943237305,522472.0
2010-01-22,29.181928634643555,35.296600341796875,35.755001068115234,35.204898834228516,35.204898834228516,287960.0
2010-01-25,28.878746032714844,34.929901123046875,35.57170104980469,34.929901123046875,35.296600341796875,246511.0
2010-01-26,26.907995223999023,32.546199798583984,35.47999954223633,32.546199798583984,35.388301849365234,686085.0
2010-01-27,26.37746238708496,31.904499053955078,33.37139892578125,31.6294002532959,32.546199798583984,416669.0
2010-01-28,27.21125030517578,32.91299819946289,33.1422004699707,31.996200561523438,31.996200561523438,198518.0
2010-01-29,27.097488403320312,32.77539825439453,33.004600524902344,31.996200561523438,32.91299819946289,212697.0
2010-02-01,26.756446838378906,32.36289978027344,32.91299819946289,32.27119827270508,32.72959899902344,130891.0
2010-02-02,27.893413543701172,33.73809814453125,34.60900115966797,32.72959899902344,33.4630012512207,653363.0
2010-02-03,27.05962562561035,32.72959899902344,33.37139892578125,32.546199798583984,33.004600524902344,439575.0
2010-02-04,26.98381233215332,32.637901306152344,33.09629821777344,32.637901306152344,32.86709976196289,109076.0
2010-02-05,26.112154006958008,31.583599090576172,32.087799072265625,30.391799926757812,32.087799072265625,458117.0
2010-02-08,24.5203857421875,29.658300399780273,30.254199981689453,29.612499237060547,29.795900344848633,167976.0
2010-02-09,25.354177474975586,30.666799545288086,30.666799545288086,29.337499618530273,29.658300399780273,99259.0
2010-02-10,25.998470306396484,31.44610023498535,31.904499053955078,30.987699508666992,31.81279945373535,185428.0
2010-02-22,26.529006958007812,32.087799072265625,32.8213005065918,31.721099853515625,32.36289978027344,170158.0
2010-02-23,26.187969207763672,31.67530059814453,32.546199798583984,31.6294002532959,32.546199798583984,37086.0
2010-02-24,26.036338806152344,31.491899490356445,32.04199981689453,31.17099952697754,31.17099952697754,59992.0
2010-02-25,25.884794235229492,31.3085994720459,31.904499053955078,31.3085994720459,31.904499053955078,104713.0
2010-02-26,26.225833892822266,31.721099853515625,32.36289978027344,31.6294002532959,32.087799072265625,158160.0
2010-03-01,26.756446838378906,32.36289978027344,33.004600524902344,32.27119827270508,33.004600524902344,148343.0
2010-03-02,26.832265853881836,32.4546012878418,33.1879997253418,32.4546012878418,32.4546012878418,199608.0
2010-03-03,27.96922492980957,33.82979965209961,34.19649887084961,32.637901306152344,32.637901306152344,308684.0
2010-03-04,27.476476669311523,33.23379898071289,34.19649887084961,33.09629821777344,34.19649887084961,201790.0
2010-03-05,27.590240478515625,33.37139892578125,33.9213981628418,33.1879997253418,33.9213981628418,98168.0
2010-03-08,28.651395797729492,34.65489959716797,34.838199615478516,33.37139892578125,33.9213981628418,460299.0
2010-03-09,28.044960021972656,33.9213981628418,34.65489959716797,33.78390121459961,34.471500396728516,217060.0
2010-03-10,27.96922492980957,33.82979965209961,33.9213981628418,33.4630012512207,33.9213981628418,135254.0
2010-03-11,28.461896896362305,34.42570114135742,35.02159881591797,34.19649887084961,34.19649887084961,391581.0
2010-03-12,28.234455108642578,34.15060043334961,34.65489959716797,34.104801177978516,34.42570114135742,137435.0
2010-03-15,28.537630081176758,34.51729965209961,35.296600341796875,34.19649887084961,34.379798889160156,315228.0
2010-03-16,28.082910537719727,33.96730041503906,34.51729965209961,33.9213981628418,34.51729965209961,158160.0
2010-03-17,28.348220825195312,34.28820037841797,34.379798889160156,33.8755989074707,34.28820037841797,149434.0
2010-03-18,28.727205276489258,34.74660110473633,35.11330032348633,34.379798889160156,34.379798889160156,301049.0
2010-03-19,28.499765396118164,34.471500396728516,34.74660110473633,34.19649887084961,34.74660110473633,243239.0
2010-03-23,29.560914993286133,35.755001068115234,36.03010177612305,35.296600341796875,35.93840026855469,679541.0
2010-03-24,29.181928634643555,35.296600341796875,36.167598724365234,35.296600341796875,36.167598724365234,279233.0
2010-03-25,28.802936553955078,34.838199615478516,35.02159881591797,34.51729965209961,34.929901123046875,254146.0
2010-03-26,28.802936553955078,34.838199615478516,35.204898834228516,34.51729965209961,34.838199615478516,238876.0
2010-03-29,28.802936553955078,34.838199615478516,35.296600341796875,34.471500396728516,35.296600341796875,220333.0
2010-03-30,28.537630081176758,34.51729965209961,35.02159881591797,34.471500396728516,35.02159881591797,182156.0
2010-03-31,28.272403717041016,34.19649887084961,34.74660110473633,34.19649887084961,34.51729965209961,191973.0
2010-04-01,28.499765396118164,34.471500396728516,34.65489959716797,34.19649887084961,34.19649887084961,159250.0
2010-04-02,28.954565048217773,35.02159881591797,35.02159881591797,34.471500396728516,34.74660110473633,112348.0
2010-04-06,29.181928634643555,35.296600341796875,35.57170104980469,35.06740188598633,35.06740188598633,370857.0
2010-04-07,28.878746032714844,34.929901123046875,35.52579879760742,34.838199615478516,35.52579879760742,251965.0
2010-04-08,29.40936851501465,35.57170104980469,36.580101013183594,34.838199615478516,34.929901123046875,766801.0
2010-04-09,30.015716552734375,36.30509948730469,36.48849868774414,35.388301849365234,35.47999954223633,549741.0
2010-04-12,29.560914993286133,35.755001068115234,36.67179870605469,35.663299560546875,36.30509948730469,442847.0
2010-04-13,29.030378341674805,35.11330032348633,36.121700286865234,35.11330032348633,36.121700286865234,211607.0
2010-04-14,31.03900146484375,37.54280090332031,37.54280090332031,35.663299560546875,35.84669876098633,1121297.0
2010-04-15,32.51700210571289,39.330501556396484,39.88059997558594,37.680301666259766,38.505401611328125,2918863.0
2010-04-16,31.759031295776367,38.413700103759766,39.60559844970703,38.13869857788086,39.330501556396484,1260914.0
2010-04-19,29.560914993286133,35.755001068115234,38.13869857788086,35.755001068115234,37.680301666259766,1099482.0
2010-04-20,29.523048400878906,35.70920181274414,36.39680099487305,34.929901123046875,35.84669876098633,436302.0
2010-04-21,31.569534301757812,38.18450164794922,38.18450164794922,36.39680099487305,36.44260025024414,1458341.0
2010-04-22,30.546329498291016,36.9468994140625,37.588600158691406,36.67179870605469,37.221900939941406,834428.0
2010-04-23,30.39470863342285,36.76350021362305,37.588600158691406,36.76350021362305,37.588600158691406,551922.0
2010-04-26,30.31889533996582,36.67179870605469,37.3135986328125,36.44260025024414,36.44260025024414,381765.0
2010-04-27,30.39470863342285,36.76350021362305,37.221900939941406,36.67179870605469,36.67179870605469,182156.0
2010-04-28,29.93990135192871,36.213401794433594,36.39680099487305,35.434200286865234,35.434200286865234,392672.0
2010-04-29,29.82622528076172,36.07590103149414,36.48849868774414,35.755001068115234,35.755001068115234,227968.0
2010-04-30,28.954565048217773,35.02159881591797,36.48849868774414,35.02159881591797,36.07590103149414,435212.0
2010-05-03,29.560914993286133,35.755001068115234,36.48849868774414,34.838199615478516,34.838199615478516,458117.0
2010-05-04,29.25774383544922,35.388301849365234,36.48849868774414,35.296600341796875,36.48849868774414,127618.0
2010-05-05,28.878746032714844,34.929901123046875,34.929901123046875,34.15060043334961,34.65489959716797,355586.0
2010-05-06,28.15863800048828,34.05889892578125,35.25080108642578,33.9213981628418,35.25080108642578,186519.0
2010-05-07,27.590240478515625,33.37139892578125,33.646400451660156,32.179500579833984,32.27119827270508,308684.0
2010-05-10,28.4239501953125,34.379798889160156,34.379798889160156,33.417198181152344,33.417198181152344,198518.0
2010-05-11,27.665971755981445,33.4630012512207,34.74660110473633,33.4630012512207,34.74660110473633,203971.0
2010-05-12,28.044960021972656,33.9213981628418,35.11330032348633,33.5546989440918,33.69219970703125,223605.0
2010-05-13,28.386079788208008,34.33399963378906,34.838199615478516,33.9213981628418,34.379798889160156,150524.0
2010-05-14,28.196592330932617,34.104801177978516,34.104801177978516,33.73809814453125,33.9213981628418,220333.0
2010-05-17,27.96922492980957,33.82979965209961,34.65489959716797,33.646400451660156,33.82979965209961,93805.0
2010-05-18,28.802936553955078,34.838199615478516,35.11330032348633,33.82979965209961,34.104801177978516,361040.0
2010-05-19,28.310264587402344,34.2422981262207,34.563201904296875,34.013099670410156,34.104801177978516,101440.0
2010-05-20,27.703920364379883,33.5088996887207,35.02159881591797,33.5088996887207,35.02159881591797,150524.0
2010-05-21,26.453277587890625,31.996200561523438,32.546199798583984,31.904499053955078,32.087799072265625,367585.0
2010-05-24,26.529006958007812,32.087799072265625,32.637901306152344,31.996200561523438,32.36289978027344,89442.0
2010-05-25,25.771032333374023,31.17099952697754,32.637901306152344,30.71269989013672,32.087799072265625,244329.0
2010-05-26,25.771032333374023,31.17099952697754,32.087799072265625,30.987699508666992,32.087799072265625,149434.0
2010-05-27,25.998470306396484,31.44610023498535,31.6294002532959,30.895999908447266,31.17099952697754,128709.0
2010-05-28,26.150020599365234,31.6294002532959,32.31700134277344,31.44610023498535,31.904499053955078,151615.0
2010-05-31,26.642770767211914,32.225399017333984,32.31700134277344,31.6294002532959,31.6294002532959,97077.0
2010-06-01,26.453277587890625,31.996200561523438,32.546199798583984,31.996200561523438,32.27119827270508,83988.0
2010-06-02,25.467857360839844,30.80430030822754,31.996200561523438,30.71269989013672,31.996200561523438,164704.0
2010-06-03,26.150020599365234,31.6294002532959,31.858600616455078,31.17099952697754,31.17099952697754,249783.0
2010-06-04,25.92266082763672,31.354400634765625,31.950300216674805,31.262699127197266,31.950300216674805,160341.0
2010-06-07,25.0130558013916,30.254199981689453,30.80430030822754,29.612499237060547,30.80430030822754,178884.0
2010-06-08,25.0888671875,30.34589958190918,30.621000289916992,29.658300399780273,30.621000289916992,81807.0
2010-06-09,24.709880828857422,29.887500762939453,30.758499145507812,29.795900344848633,30.34589958190918,148343.0
2010-06-10,24.785694122314453,29.97920036315918,30.254199981689453,29.704200744628906,29.887500762939453,133072.0
2010-06-11,24.861507415771484,30.070899963378906,30.529300689697266,30.024999618530273,30.34589958190918,100350.0
2010-06-14,25.240497589111328,30.529300689697266,30.80430030822754,30.254199981689453,30.437599182128906,80716.0
2010-06-15,25.505807876586914,30.850200653076172,31.07939910888672,30.254199981689453,30.300100326538086,110166.0
2010-06-17,27.286983489990234,33.004600524902344,33.004600524902344,32.179500579833984,32.179500579833984,1036218.0
2010-06-18,26.870132446289062,32.50040054321289,33.4630012512207,32.179500579833984,33.23379898071289,565012.0
2010-06-21,26.756446838378906,32.36289978027344,33.004600524902344,31.996200561523438,33.004600524902344,239966.0
2010-06-22,26.794313430786133,32.40869903564453,33.23379898071289,31.721099853515625,32.179500579833984,258509.0
2010-06-23,26.98381233215332,32.637901306152344,32.8213005065918,32.36289978027344,32.546199798583984,151615.0
2010-06-24,26.756446838378906,32.36289978027344,32.91299819946289,32.36289978027344,32.637901306152344,142889.0
2010-06-25,28.613445281982422,34.60900115966797,34.60900115966797,33.004600524902344,33.004600524902344,768983.0
2010-06-29,27.590240478515625,33.37139892578125,34.65489959716797,33.279701232910156,34.379798889160156,242148.0
2010-06-30,27.286983489990234,33.004600524902344,33.050498962402344,32.27119827270508,32.637901306152344,198518.0
2010-07-01,28.082910537719727,33.96730041503906,35.296600341796875,33.4630012512207,33.4630012512207,740623.0
2010-07-02,28.499765396118164,34.471500396728516,34.838199615478516,34.05889892578125,34.563201904296875,342497.0
2010-07-05,29.864086151123047,36.121700286865234,36.30509948730469,34.471500396728516,34.471500396728516,780981.0
2010-07-06,29.40936851501465,35.57170104980469,36.07590103149414,35.388301849365234,35.93840026855469,359949.0
2010-07-07,31.455854415893555,38.047000885009766,38.047000885009766,37.49689865112305,38.047000885009766,3623491.0
2010-07-08,32.10014724731445,38.82630157470703,39.88059997558594,37.6343994140625,38.505401611328125,4215771.0
2010-07-09,32.02433776855469,38.73460006713867,40.61399841308594,38.68880081176758,38.82630157470703,3352983.0
2010-07-12,31.455854415893555,38.047000885009766,39.330501556396484,37.680301666259766,38.73460006713867,1062396.0
2010-07-13,32.13801193237305,38.872100830078125,39.60559844970703,38.321998596191406,38.36790084838867,1599048.0
2010-07-14,32.06220245361328,38.780399322509766,39.697200775146484,38.27619934082031,39.697200775146484,1042763.0
2010-07-15,34.10877227783203,41.25579833984375,41.48500061035156,39.05550003051758,39.05550003051758,5145095.0
2010-07-16,36.49637985229492,44.143699645996094,44.143699645996094,41.71419906616211,41.71419906616211,7003743.0
2010-07-19,37.140682220458984,44.92300033569336,45.47309875488281,42.76850128173828,44.143699645996094,4354297.0
2010-07-20,37.67121124267578,45.564701080322266,45.931400299072266,44.097900390625,45.198001861572266,2568730.0
2010-07-21,36.3826904296875,44.00619888305664,45.564701080322266,43.18109893798828,45.564701080322266,2437839.0
2010-07-22,36.079524993896484,43.63949966430664,44.69380187988281,43.54779815673828,43.63949966430664,1563053.0
2010-07-23,36.53424835205078,44.18949890136719,45.06050109863281,43.91450119018555,44.097900390625,1891371.0
2010-07-26,37.89865493774414,45.83980178833008,45.83980178833008,44.464599609375,44.464599609375,2582910.0
2010-07-27,39.526004791259766,46.84830093383789,48.13180160522461,44.18949890136719,45.38140106201172,5135278.0
2010-07-28,41.150299072265625,48.77349853515625,49.87369918823242,46.29819869995117,47.4900016784668,3915813.0
2010-07-29,40.2994270324707,47.76499938964844,50.05699920654297,47.67340087890625,47.94839859008789,2490195.0
2010-07-30,39.526004791259766,46.84830093383789,48.681800842285156,46.75659942626953,47.67340087890625,1930638.0
2010-08-02,38.82978057861328,46.023101806640625,47.67340087890625,46.023101806640625,47.67340087890625,1784476.0
2010-08-03,39.68065643310547,47.03160095214844,48.2234001159668,46.66490173339844,46.75659942626953,2108431.0
2010-08-04,40.376792907714844,47.8567008972168,48.86520004272461,46.84830093383789,47.03160095214844,2708347.0
2010-08-05,38.98451614379883,46.20650100708008,48.5901985168457,46.023101806640625,48.13180160522461,1930638.0
2010-08-06,39.139251708984375,46.38990020751953,47.21500015258789,46.20650100708008,46.20650100708008,1139840.0
2010-08-09,38.98451614379883,46.20650100708008,47.21500015258789,45.65639877319336,46.93989944458008,1492154.0
2010-08-10,39.448638916015625,46.75659942626953,47.76499938964844,46.38990020751953,46.66490173339844,1503061.0
2010-08-11,39.68065643310547,47.03160095214844,48.13180160522461,46.66490173339844,47.21500015258789,1969905.0
2010-08-12,42.3879280090332,50.24039840698242,50.24039840698242,47.12329864501953,48.13180160522461,3558045.0
2010-08-13,45.32722091674805,53.72420120239258,53.72420120239258,52.257301330566406,53.08250045776367,2613451.0
2010-08-16,47.49299240112305,56.29119873046875,56.74959945678711,52.07400131225586,54.36600112915039,6397283.0
2010-08-17,46.41010665893555,55.0077018737793,57.11640167236328,54.54930114746094,56.29119873046875,3747837.0
2010-08-18,47.10633087158203,55.83290100097656,57.29970169067383,55.09939956665039,55.46609878540039,3321351.0
2010-08-19,46.41010665893555,55.0077018737793,56.74959945678711,55.0077018737793,55.83290100097656,2194601.0
2010-08-20,47.028961181640625,55.7411994934082,56.74959945678711,54.73270034790039,55.0077018737793,1845559.0
2010-08-23,50.27764129638672,59.59170150756836,59.59170150756836,55.46609878540039,56.01620101928711,2852326.0
2010-08-24,50.27764129638672,59.59170150756836,61.24190139770508,58.858299255371094,60.50849914550781,4390292.0
2010-08-25,46.95159912109375,55.64950180053711,61.05860137939453,55.46609878540039,59.59170150756836,3714024.0
2010-08-26,44.32168197631836,52.53239822387695,56.38290023803711,51.79899978637695,55.64950180053711,4667344.0
2010-08-27,46.41010665893555,55.0077018737793,55.92449951171875,52.7156982421875,52.7156982421875,2877414.0
2010-08-30,45.017826080322266,53.35749816894531,55.83290100097656,53.26580047607422,55.46609878540039,2202236.0
2010-08-31,44.63107681274414,52.89910125732422,54.54930114746094,51.89059829711914,52.7156982421875,1991720.0
2010-09-01,45.945987701416016,54.45759963989258,55.0077018737793,53.17409896850586,54.09090042114258,2092070.0
2010-09-02,45.636600494384766,54.09090042114258,55.83290100097656,54.09090042114258,55.0077018737793,1707033.0
2010-09-03,47.260982513427734,56.01620101928711,56.84130096435547,54.09090042114258,54.18259811401367,2963584.0
2010-09-06,47.260982513427734,56.01620101928711,57.66640090942383,55.46609878540039,56.29119873046875,2909046.0
2010-09-07,46.25545883178711,54.82440185546875,57.29970169067383,54.54930114746094,56.38290023803711,2137881.0
2010-09-08,46.41010665893555,55.0077018737793,56.84130096435547,55.0077018737793,55.0077018737793,1701579.0
2010-09-09,45.481956481933594,53.90760040283203,55.83290100097656,52.7156982421875,55.83290100097656,1529240.0
2010-09-10,44.476341247558594,52.7156982421875,54.73270034790039,52.3489990234375,54.73270034790039,1282729.0
2010-09-13,44.476341247558594,52.7156982421875,53.63249969482422,52.53239822387695,53.17409896850586,761348.0
2010-09-14,45.636600494384766,54.09090042114258,55.3745002746582,52.7156982421875,53.17409896850586,1643769.0
2010-09-15,45.24985122680664,53.63249969482422,54.91600036621094,53.35749816894531,54.91600036621094,879149.0
2010-09-16,45.09519577026367,53.44919967651367,55.0077018737793,53.17409896850586,53.17409896850586,1360172.0
2010-09-17,45.017826080322266,53.35749816894531,53.99919891357422,53.35749816894531,53.81589889526367,778800.0
2010-09-20,45.24985122680664,53.63249969482422,53.99919891357422,53.26580047607422,53.35749816894531,591190.0
2010-09-21,44.94045639038086,53.26580047607422,54.27429962158203,53.17409896850586,54.09090042114258,704628.0
2010-09-23,44.32168197631836,52.53239822387695,53.72420120239258,52.53239822387695,53.26580047607422,737351.0
2010-09-24,42.77467727661133,50.69879913330078,52.53239822387695,50.24039840698242,51.79899978637695,1319815.0
2010-09-27,42.15591049194336,49.96540069580078,51.9822998046875,49.59859848022461,50.69879913330078,583554.0
2010-09-28,45.09519577026367,53.44919967651367,53.44919967651367,49.96540069580078,49.96540069580078,1128932.0
2010-09-29,46.332740783691406,54.91600036621094,56.29119873046875,53.63249969482422,54.09090042114258,4983663.0
2010-09-30,45.945987701416016,54.45759963989258,55.64950180053711,54.27429962158203,54.91600036621094,878058.0
2010-10-01,46.25545883178711,54.82440185546875,56.65800094604492,54.45759963989258,54.73270034790039,2452019.0
2010-10-04,47.10633087158203,55.83290100097656,57.29970169067383,55.09939956665039,55.55780029296875,3628945.0
2010-10-05,45.636600494384766,54.09090042114258,56.19960021972656,52.7156982421875,55.83290100097656,1946999.0
2010-10-06,45.636600494384766,54.09090042114258,55.09939956665039,53.63249969482422,54.45759963989258,1229282.0
2010-10-07,44.553707122802734,52.80739974975586,54.45759963989258,52.7156982421875,54.09090042114258,1255460.0
2010-10-08,44.70844268798828,52.99079895019531,53.44919967651367,52.16569900512695,52.80739974975586,917326.0
2010-10-11,43.31608200073242,51.34049987792969,53.17409896850586,51.34049987792969,53.08250045776367,774437.0
2010-10-12,42.77467727661133,50.69879913330078,51.52389907836914,50.42380142211914,50.51539993286133,842063.0
2010-10-13,43.31608200073242,51.34049987792969,52.7156982421875,50.69879913330078,50.69879913330078,912963.0
2010-10-14,43.31608200073242,51.34049987792969,52.53239822387695,51.15719985961914,51.89059829711914,644637.0
2010-10-15,43.85757064819336,51.9822998046875,53.17409896850586,51.43220138549805,51.9822998046875,1570688.0
2010-10-18,42.77467727661133,50.69879913330078,52.53239822387695,50.69879913330078,51.79899978637695,615186.0
2010-10-19,42.69731140136719,50.60710144042969,51.34049987792969,50.42380142211914,50.69879913330078,307593.0
2010-10-20,43.31608200073242,51.34049987792969,51.43220138549805,50.24039840698242,50.24039840698242,367585.0
2010-10-21,43.16143035888672,51.15719985961914,52.07400131225586,50.88209915161133,51.52389907836914,350133.0
2010-10-22,42.69731140136719,50.60710144042969,51.52389907836914,50.60710144042969,51.15719985961914,282506.0
2010-10-25,42.69731140136719,50.60710144042969,51.15719985961914,50.33209991455078,50.60710144042969,318501.0
2010-10-26,41.846431732177734,49.59859848022461,50.69879913330078,49.23189926147461,50.69879913330078,963137.0
2010-10-27,41.61442184448242,49.32360076904297,50.60710144042969,49.23189926147461,49.59859848022461,519200.0
2010-10-28,39.990047454833984,47.39830017089844,49.50699996948242,46.93989944458008,49.32360076904297,1156201.0
2010-10-29,39.448638916015625,46.75659942626953,48.2234001159668,46.66490173339844,47.39830017089844,812613.0
2010-11-01,38.63640213012695,45.79389953613281,47.21500015258789,45.65639877319336,47.03160095214844,708991.0
2010-11-02,38.67512893676758,45.83980178833008,47.12329864501953,44.92300033569336,44.92300033569336,855153.0
2010-11-03,36.04522705078125,42.72269821166992,46.75659942626953,42.72269821166992,46.75659942626953,1307816.0
2010-11-04,37.128116607666016,44.00619888305664,44.37289810180664,42.17259979248047,42.72269821166992,860606.0
2010-11-05,37.128116607666016,44.00619888305664,45.198001861572266,43.63949966430664,45.198001861572266,407943.0
2010-11-08,38.90715026855469,46.11479949951172,46.75659942626953,44.23540115356445,44.92300033569336,1132.0
2010-11-09,39.139251708984375,46.38990020751953,47.39830017089844,46.20650100708008,46.20650100708008,1031855.0
2010-11-10,38.67512893676758,45.83980178833008,47.03160095214844,45.42720031738281,46.66490173339844,443938.0
2010-11-11,38.44302749633789,45.564701080322266,46.29819869995117,45.38140106201172,46.29819869995117,263963.0
2010-11-12,38.3270149230957,45.42720031738281,46.57320022583008,45.152198791503906,45.152198791503906,351223.0
2010-11-15,38.17237091064453,45.243900299072266,46.11479949951172,45.106300354003906,45.83980178833008,211607.0
2010-11-16,37.592247009277344,44.55630111694336,45.74810028076172,44.55630111694336,45.243900299072266,222514.0
2010-11-17,38.09500503540039,45.152198791503906,46.20650100708008,44.23540115356445,44.23540115356445,512655.0
2010-11-18,38.67512893676758,45.83980178833008,46.93989944458008,45.65639877319336,45.83980178833008,724262.0
2010-11-19,37.90162658691406,44.92300033569336,46.29819869995117,44.92300033569336,46.29819869995117,315228.0
2010-11-22,38.17237091064453,45.243900299072266,45.702301025390625,45.198001861572266,45.28969955444336,218151.0
2010-11-23,38.01763153076172,45.06050109863281,45.74810028076172,44.739601135253906,45.198001861572266,341407.0
2010-11-24,37.9789924621582,45.01470184326172,45.702301025390625,44.55630111694336,44.55630111694336,267235.0
2010-11-25,37.746883392333984,44.739601135253906,45.28969955444336,44.739601135253906,45.106300354003906,193064.0
2010-11-26,37.746883392333984,44.739601135253906,45.28969955444336,44.64789962768555,44.739601135253906,274870.0
2010-11-29,40.376792907714844,47.8567008972168,47.8567008972168,45.01470184326172,45.83980178833008,1267458.0
2010-11-30,42.3879280090332,50.24039840698242,50.69879913330078,49.32360076904297,49.50699996948242,3987803.0
2010-12-01,43.62554931640625,51.707298278808594,52.257301330566406,49.96540069580078,50.69879913330078,2563276.0
2010-12-02,42.07854461669922,49.87369918823242,51.707298278808594,49.32360076904297,51.707298278808594,1737574.0
2010-12-03,40.99564743041992,48.5901985168457,50.69879913330078,48.40679931640625,49.87369918823242,1459431.0
2010-12-06,41.537052154541016,49.23189926147461,49.41529846191406,47.94839859008789,48.5901985168457,642455.0
2010-12-07,40.99564743041992,48.5901985168457,49.96540069580078,48.5901985168457,49.23189926147461,674087.0
2010-12-08,39.91267395019531,47.30659866333008,48.5901985168457,47.12329864501953,48.5901985168457,1058033.0
2010-12-09,40.06740951538086,47.4900016784668,47.94839859008789,47.30659866333008,47.39830017089844,463571.0
2010-12-10,40.376792907714844,47.8567008972168,48.5901985168457,47.58169937133789,48.40679931640625,668633.0
2010-12-13,40.144775390625,47.58169937133789,48.40679931640625,47.30659866333008,48.40679931640625,361040.0
2010-12-14,39.371273040771484,46.66490173339844,48.04010009765625,46.57320022583008,47.58169937133789,400307.0
2010-12-15,39.371273040771484,46.66490173339844,47.4900016784668,45.83980178833008,45.83980178833008,318501.0
2010-12-16,42.07854461669922,49.87369918823242,49.87369918823242,46.66490173339844,46.66490173339844,1184561.0
2010-12-17,42.07854461669922,49.87369918823242,51.2489013671875,48.95690155029297,51.2489013671875,1890280.0
2010-12-20,41.38240051269531,49.04859924316406,51.34049987792969,49.04859924316406,50.88209915161133,784253.0
2010-12-21,39.91267395019531,47.30659866333008,49.04859924316406,47.21500015258789,48.681800842285156,852971.0
2010-12-22,40.531532287597656,48.04010009765625,48.5901985168457,46.75659942626953,47.58169937133789,927.0
2010-12-23,40.06740951538086,47.4900016784668,48.5901985168457,47.4900016784668,48.5901985168457,343588.0
2010-12-24,39.91267395019531,47.30659866333008,48.315101623535156,47.21500015258789,47.76499938964844,332681.0
2010-12-27,39.139251708984375,46.38990020751953,47.30659866333008,46.20650100708008,47.30659866333008,351223.0
2010-12-28,38.82978057861328,46.023101806640625,46.75659942626953,45.83980178833008,46.20650100708008,223605.0
2010-12-29,37.90162658691406,44.92300033569336,46.38990020751953,44.92300033569336,46.29819869995117,455936.0
2010-12-30,38.82978057861328,46.023101806640625,46.93989944458008,45.47309875488281,46.48149871826172,411215.0
2010-12-31,38.82978057861328,46.023101806640625,46.38990020751953,45.47309875488281,46.023101806640625,251965.0
2011-01-03,38.597755432128906,45.74810028076172,46.29819869995117,45.564701080322266,46.11479949951172,286869.0
2011-01-04,38.98451614379883,46.20650100708008,46.75659942626953,45.83980178833008,45.931400299072266,292323.0
2011-01-05,38.82978057861328,46.023101806640625,46.66490173339844,45.74810028076172,46.29819869995117,350133.0
2011-01-06,38.44302749633789,45.564701080322266,46.48149871826172,45.564701080322266,46.38990020751953,206153.0
2011-01-07,38.17237091064453,45.243900299072266,46.48149871826172,45.198001861572266,45.74810028076172,313047.0
2011-01-10,37.90162658691406,44.92300033569336,46.20650100708008,44.92300033569336,46.20650100708008,196336.0
2011-01-11,38.90715026855469,46.11479949951172,46.29819869995117,44.92300033569336,44.92300033569336,310865.0
2011-01-12,38.98451614379883,46.20650100708008,46.48149871826172,46.023101806640625,46.48149871826172,202881.0
2011-01-13,38.67512893676758,45.83980178833008,46.38990020751953,45.51890182495117,46.38990020751953,263963.0
2011-01-14,38.3270149230957,45.42720031738281,46.023101806640625,45.38140106201172,45.83980178833008,98168.0
2011-01-17,38.0562744140625,45.106300354003906,45.564701080322266,44.92300033569336,45.47309875488281,186519.0
2011-01-18,38.365745544433594,45.47309875488281,46.75659942626953,44.92300033569336,45.106300354003906,577010.0
2011-01-19,38.44302749633789,45.564701080322266,46.11479949951172,45.38140106201172,46.11479949951172,175612.0
2011-01-20,37.9789924621582,45.01470184326172,45.931400299072266,45.01470184326172,45.65639877319336,224696.0
2011-01-21,37.9789924621582,45.01470184326172,45.33549880981445,44.92300033569336,45.01470184326172,149434.0
2011-01-24,37.128116607666016,44.00619888305664,45.28969955444336,44.00619888305664,45.106300354003906,196336.0
2011-01-25,36.78001022338867,43.59360122680664,44.64789962768555,43.318599700927734,44.00619888305664,302139.0
2011-01-26,36.625362396240234,43.410301208496094,43.91450119018555,43.410301208496094,43.54779815673828,215970.0
2011-01-27,36.702640533447266,43.50189971923828,43.63949966430664,43.36439895629883,43.45610046386719,211607.0
2011-01-28,36.3546142578125,43.08940124511719,43.50189971923828,42.951900482177734,43.50189971923828,392672.0
2011-02-08,35.58110046386719,42.17259979248047,43.18109893798828,42.17259979248047,43.18109893798828,371948.0
2011-02-09,36.74136734008789,43.54779815673828,43.54779815673828,42.17259979248047,42.17259979248047,449391.0
2011-02-10,35.77448654174805,42.401798248291016,43.63949966430664,42.355899810791016,43.54779815673828,244329.0
2011-02-11,36.04522705078125,42.72269821166992,43.36439895629883,42.355899810791016,42.63100051879883,220333.0
2011-02-14,37.669517517089844,44.64789962768555,45.106300354003906,42.99769973754883,43.18109893798828,621731.0
2011-02-15,38.0562744140625,45.106300354003906,46.20650100708008,44.28120040893555,44.92300033569336,844245.0
2011-02-16,37.746883392333984,44.739601135253906,45.564701080322266,44.55630111694336,45.47309875488281,253055.0
2011-02-17,37.51487350463867,44.464599609375,45.28969955444336,44.464599609375,44.739601135253906,236694.0
2011-02-18,37.55351257324219,44.510398864746094,45.106300354003906,44.37289810180664,44.69380187988281,251965.0
2011-02-21,39.448638916015625,46.75659942626953,46.75659942626953,44.69380187988281,44.69380187988281,1119115.0
2011-02-22,38.28837585449219,45.38140106201172,46.57320022583008,45.106300354003906,46.11479949951172,387218.0
2011-02-23,36.8187370300293,43.63949966430664,45.28969955444336,43.54779815673828,45.106300354003906,438484.0
2011-02-24,36.93474197387695,43.777000427246094,44.051998138427734,43.410301208496094,43.410301208496094,206153.0
2011-02-25,36.66400146484375,43.45610046386719,44.00619888305664,42.63100051879883,44.00619888305664,195245.0
2011-03-01,36.74136734008789,43.54779815673828,44.37289810180664,42.63100051879883,42.63100051879883,130891.0
2011-03-02,36.74136734008789,43.54779815673828,44.097900390625,43.08940124511719,43.08940124511719,166886.0
2011-03-03,37.28276824951172,44.18949890136719,44.92300033569336,43.63949966430664,43.63949966430664,378492.0
2011-03-04,37.321502685546875,44.23540115356445,44.55630111694336,44.097900390625,44.55630111694336,185428.0
2011-03-07,37.592247009277344,44.55630111694336,45.198001861572266,44.18949890136719,44.23540115356445,251965.0
2011-03-08,40.222145080566406,47.67340087890625,47.67340087890625,44.785499572753906,44.92300033569336,1665584.0
2011-03-09,39.990047454833984,47.39830017089844,49.04859924316406,47.03160095214844,48.49850082397461,2306949.0
2011-03-10,39.91267395019531,47.30659866333008,48.04010009765625,46.93989944458008,46.93989944458008,892238.0
2011-03-11,39.91267395019531,47.30659866333008,47.30659866333008,45.931400299072266,46.66490173339844,803887.0
2011-03-14,39.990047454833984,47.39830017089844,49.140201568603516,46.84830093383789,47.30659866333008,1224919.0
2011-03-15,37.20548629760742,44.097900390625,48.40679931640625,44.097900390625,48.40679931640625,1106026.0
2011-03-16,36.89601516723633,43.73109817504883,45.01470184326172,41.80590057373047,44.92300033569336,766801.0
2011-03-17,36.3546142578125,43.08940124511719,43.63949966430664,42.17259979248047,42.17259979248047,405761.0
2011-03-18,37.01211166381836,43.86869812011719,44.92300033569336,43.27280044555664,43.96030044555664,292323.0
2011-03-21,37.360137939453125,44.28120040893555,44.464599609375,43.91450119018555,44.00619888305664,223605.0
2011-03-22,37.824256896972656,44.831298828125,45.198001861572266,44.37289810180664,44.831298828125,214879.0
2011-03-23,37.360137939453125,44.28120040893555,44.92300033569336,44.18949890136719,44.55630111694336,189792.0
2011-03-24,37.20548629760742,44.097900390625,44.739601135253906,44.00619888305664,44.64789962768555,278143.0
2011-03-25,37.321502685546875,44.23540115356445,44.92300033569336,44.23540115356445,44.32709884643555,117802.0
2011-03-28,36.78001022338867,43.59360122680664,44.64789962768555,43.59360122680664,44.23540115356445,177793.0
2011-03-29,36.8187370300293,43.63949966430664,44.00619888305664,43.27280044555664,43.27280044555664,109076.0
2011-03-30,37.321502685546875,44.23540115356445,44.28120040893555,43.63949966430664,43.63949966430664,116711.0
2011-03-31,37.669517517089844,44.64789962768555,45.152198791503906,44.23540115356445,44.28120040893555,235603.0
2011-04-01,37.746883392333984,44.739601135253906,44.831298828125,44.097900390625,44.739601135253906,198518.0
2011-04-06,38.98451614379883,46.20650100708008,46.20650100708008,44.60210037231445,44.92300033569336,514837.0
2011-04-07,39.91267395019531,47.30659866333008,48.04010009765625,46.48149871826172,46.57320022583008,1282729.0
2011-04-08,40.531532287597656,48.04010009765625,48.04010009765625,46.66490173339844,47.67340087890625,857334.0
2011-04-11,40.222145080566406,47.67340087890625,48.04010009765625,46.84830093383789,47.67340087890625,380674.0
2011-04-12,40.6088981628418,48.13180160522461,48.13180160522461,46.38990020751953,47.39830017089844,632638.0
2011-04-13,40.376792907714844,47.8567008972168,48.5901985168457,47.67340087890625,48.5901985168457,438484.0
2011-04-14,40.376792907714844,47.8567008972168,48.77349853515625,47.67340087890625,48.315101623535156,688267.0
2011-04-15,40.222145080566406,47.67340087890625,48.315101623535156,47.4900016784668,47.8567008972168,555195.0
2011-04-18,40.7635498046875,48.315101623535156,48.5901985168457,47.21500015258789,47.4900016784668,430849.0
2011-04-19,41.38240051269531,49.04859924316406,49.41529846191406,47.39830017089844,47.76499938964844,639183.0
2011-04-20,41.150299072265625,48.77349853515625,49.96540069580078,48.5901985168457,49.04859924316406,617368.0
2011-04-21,41.61442184448242,49.32360076904297,50.79050064086914,48.95690155029297,49.96540069580078,2684350.0
2011-04-22,43.39344787597656,51.43220138549805,52.16569900512695,49.04859924316406,49.140201568603516,3570044.0
2011-04-25,43.4708137512207,51.52389907836914,52.7156982421875,50.97380065917969,52.3489990234375,2490195.0
2011-04-26,42.852046966552734,50.79050064086914,51.52389907836914,50.42380142211914,51.52389907836914,939141.0
2011-04-27,42.542667388916016,50.42380142211914,51.06549835205078,50.14870071411133,50.79050064086914,620640.0
2011-04-28,42.00117492675781,49.78200149536133,50.88209915161133,49.50699996948242,50.42380142211914,486477.0
2011-04-29,42.3879280090332,50.24039840698242,51.34049987792969,49.50699996948242,50.05699920654297,980589.0
2011-05-03,41.07293701171875,48.681800842285156,50.69879913330078,48.40679931640625,50.69879913330078,710082.0
2011-05-04,42.3879280090332,50.24039840698242,50.33209991455078,48.2234001159668,48.5901985168457,544287.0
2011-05-05,41.61442184448242,49.32360076904297,50.14870071411133,49.23189926147461,49.50699996948242,460299.0
2011-05-06,41.38240051269531,49.04859924316406,49.96540069580078,48.86520004272461,49.23189926147461,350133.0
2011-05-09,40.454158782958984,47.94839859008789,49.69029998779297,47.94839859008789,49.69029998779297,460299.0
2011-05-10,40.222145080566406,47.67340087890625,48.5901985168457,47.67340087890625,47.67340087890625,394854.0
2011-05-11,43.00669860839844,50.97380065917969,50.97380065917969,48.04010009765625,48.13180160522461,1653586.0
2011-05-12,43.16143035888672,51.15719985961914,51.79899978637695,50.69879913330078,51.2489013671875,1960088.0
2011-05-13,41.459686279296875,49.140201568603516,51.52389907836914,48.77349853515625,51.52389907836914,927142.0
2011-05-16,40.91828536987305,48.49850082397461,49.140201568603516,48.315101623535156,48.681800842285156,331590.0
2011-05-17,40.454158782958984,47.94839859008789,49.04859924316406,47.94839859008789,48.49850082397461,335953.0
2011-05-18,40.99564743041992,48.5901985168457,48.681800842285156,47.76499938964844,47.76499938964844,346860.0
2011-05-19,40.99564743041992,48.5901985168457,49.50699996948242,48.2234001159668,48.95690155029297,493022.0
2011-05-20,40.222145080566406,47.67340087890625,48.86520004272461,47.21500015258789,48.5901985168457,321773.0
2011-05-23,40.454158782958984,47.94839859008789,48.2234001159668,47.30659866333008,47.30659866333008,286869.0
2011-05-24,40.06740951538086,47.4900016784668,48.2234001159668,47.21500015258789,47.67340087890625,469025.0
2011-05-25,38.82978057861328,46.023101806640625,47.4900016784668,45.83980178833008,47.4900016784668,553013.0
2011-05-26,38.44302749633789,45.564701080322266,46.38990020751953,45.38140106201172,46.38990020751953,417759.0
2011-05-27,38.75241470336914,45.931400299072266,46.29819869995117,44.92300033569336,46.023101806640625,311956.0
2011-05-30,38.44302749633789,45.564701080322266,46.57320022583008,45.38140106201172,46.29819869995117,224696.0
2011-05-31,38.90715026855469,46.11479949951172,46.38990020751953,45.65639877319336,45.65639877319336,231240.0
2011-06-01,38.28837585449219,45.38140106201172,46.38990020751953,45.38140106201172,46.20650100708008,367585.0
2011-06-02,38.48175048828125,45.610599517822266,45.83980178833008,45.01470184326172,45.01470184326172,259600.0
2011-06-03,38.520389556884766,45.65639877319336,46.29819869995117,45.564701080322266,46.11479949951172,169067.0
2011-06-07,38.82978057861328,46.023101806640625,46.29819869995117,45.74810028076172,45.74810028076172,135254.0
2011-06-08,38.44302749633789,45.564701080322266,46.023101806640625,45.564701080322266,46.023101806640625,101440.0
2011-06-09,38.98451614379883,46.20650100708008,46.66490173339844,45.65639877319336,45.931400299072266,285778.0
2011-06-10,38.3270149230957,45.42720031738281,46.75659942626953,45.38140106201172,46.29819869995117,223605.0
2011-06-13,37.592247009277344,44.55630111694336,45.74810028076172,44.18949890136719,45.65639877319336,230149.0
2011-06-14,37.90162658691406,44.92300033569336,45.47309875488281,44.55630111694336,44.92300033569336,198518.0
2011-06-15,37.90162658691406,44.92300033569336,45.33549880981445,44.55630111694336,45.33549880981445,94896.0
2011-06-16,37.94026184082031,44.96879959106445,45.65639877319336,44.464599609375,44.464599609375,155978.0
2011-06-17,37.746883392333984,44.739601135253906,45.243900299072266,44.739601135253906,44.96879959106445,97077.0
2011-06-20,36.19987869262695,42.90599822998047,44.92300033569336,42.90599822998047,44.785499572753906,250874.0
2011-06-21,36.973384857177734,43.82279968261719,44.00619888305664,42.63100051879883,42.90599822998047,256328.0
2011-06-22,37.55351257324219,44.510398864746094,44.831298828125,44.00619888305664,44.64789962768555,214879.0
2011-06-23,37.128116607666016,44.00619888305664,44.18949890136719,43.82279968261719,44.18949890136719,76353.0
2011-06-24,37.47614288330078,44.418701171875,44.785499572753906,43.96030044555664,44.00619888305664,54538.0
2011-06-27,37.746883392333984,44.739601135253906,45.38140106201172,44.00619888305664,44.37289810180664,142889.0
2011-06-28,37.8629035949707,44.87710189819336,45.198001861572266,44.55630111694336,45.198001861572266,94896.0
2011-06-29,38.21100616455078,45.28969955444336,45.51890182495117,44.87710189819336,45.106300354003906,115620.0
2011-06-30,38.404388427734375,45.51890182495117,45.51890182495117,44.739601135253906,45.38140106201172,101440.0
2011-07-01,38.133644104003906,45.198001861572266,45.65639877319336,45.198001861572266,45.564701080322266,126528.0
2011-07-04,38.0562744140625,45.106300354003906,45.564701080322266,44.96879959106445,45.564701080322266,89442.0
2011-07-05,38.09500503540039,45.152198791503906,45.42720031738281,44.92300033569336,45.42720031738281,71990.0
2011-07-06,38.17237091064453,45.243900299072266,45.28969955444336,44.96879959106445,44.96879959106445,110166.0
2011-07-07,37.824256896972656,44.831298828125,45.243900299072266,44.464599609375,45.106300354003906,150524.0
2011-07-08,37.669517517089844,44.64789962768555,45.01470184326172,44.097900390625,44.64789962768555,101440.0
2011-07-11,37.1667594909668,44.051998138427734,44.64789962768555,44.00619888305664,44.64789962768555,90533.0
2011-07-12,36.3546142578125,43.08940124511719,44.051998138427734,42.72269821166992,43.91450119018555,167976.0
2011-07-13,36.3546142578125,43.08940124511719,43.73109817504883,42.81439971923828,43.08940124511719,183247.0
2011-07-14,36.238609313964844,42.951900482177734,44.37289810180664,42.81439971923828,43.27280044555664,170158.0
2011-07-15,36.78001022338867,43.59360122680664,44.00619888305664,43.18109893798828,43.27280044555664,147252.0
2011-07-18,37.669517517089844,44.64789962768555,45.38140106201172,43.82279968261719,44.55630111694336,412306.0
2011-07-19,38.33110046386719,44.739601135253906,44.92300033569336,44.143699645996094,44.28120040893555,274870.0
2011-07-20,38.56679153442383,45.01470184326172,45.28969955444336,44.60210037231445,44.739601135253906,173430.0
2011-07-21,38.33110046386719,44.739601135253906,45.28969955444336,44.464599609375,44.92300033569336,110166.0
2011-07-22,38.25253677368164,44.64789962768555,45.106300354003906,44.143699645996094,44.739601135253906,137435.0
2011-07-25,36.91727066040039,43.08940124511719,44.18949890136719,43.08940124511719,44.143699645996094,235603.0
2011-07-26,37.1136360168457,43.318599700927734,44.18949890136719,43.318599700927734,44.18949890136719,70899.0
2011-07-27,36.7601432800293,42.90599822998047,43.18109893798828,42.63100051879883,43.08940124511719,194155.0
2011-07-28,36.44596481323242,42.53929901123047,42.90599822998047,41.43920135498047,41.43920135498047,205062.0
2011-07-29,35.97467041015625,41.989200592041016,42.447601318359375,41.0723991394043,42.447601318359375,325045.0
2011-08-01,35.621253967285156,41.576698303222656,41.989200592041016,41.43920135498047,41.94340133666992,92714.0
2011-08-02,35.66048812866211,41.622501373291016,42.035099029541016,41.25579833984375,41.25579833984375,222514.0
2011-08-03,34.87501525878906,40.7056999206543,41.3932991027832,40.24729919433594,40.24729919433594,201790.0
2011-08-04,32.51858139038086,37.955299377441406,40.6599006652832,37.86370086669922,40.3390007019043,625003.0
2011-08-05,30.280040740966797,35.342498779296875,35.342498779296875,35.342498779296875,35.342498779296875,272689.0
2011-08-08,28.19853973388672,32.91299819946289,33.5546989440918,32.91299819946289,32.91299819946289,329408.0
2011-08-09,27.216691970825195,31.767000198364258,31.904499053955078,30.621000289916992,30.621000289916992,809341.0
2011-08-10,28.669757843017578,33.4630012512207,33.82979965209961,31.996200561523438,31.996200561523438,487568.0
2011-08-11,27.884281158447266,32.546199798583984,33.004600524902344,31.125200271606445,32.087799072265625,376311.0
2011-08-12,28.591279983520508,33.37139892578125,33.82979965209961,32.8213005065918,32.8213005065918,283597.0
2011-08-15,29.455236434936523,34.379798889160156,34.65489959716797,33.82979965209961,34.65489959716797,179975.0
2011-08-16,29.84797477722168,34.838199615478516,35.02159881591797,34.104801177978516,34.379798889160156,265054.0
2011-08-17,31.929471969604492,37.2677001953125,37.2677001953125,36.48849868774414,37.221900939941406,916235.0
2011-08-18,31.02619171142578,36.213401794433594,37.588600158691406,35.93840026855469,37.49689865112305,884603.0
2011-08-19,29.219627380371094,34.104801177978516,35.11330032348633,33.69219970703125,34.929901123046875,646818.0
2011-08-22,27.452301025390625,32.04199981689453,34.471500396728516,31.721099853515625,34.104801177978516,711173.0
2011-08-23,28.51271629333496,33.279701232910156,33.279701232910156,31.904499053955078,31.904499053955078,337044.0
2011-08-24,27.92360496520996,32.592098236083984,33.4630012512207,32.40869903564453,33.4630012512207,226877.0
2011-08-25,27.805801391601562,32.4546012878418,33.646400451660156,32.4546012878418,32.77539825439453,337044.0
2011-08-26,27.25593376159668,31.81279945373535,32.91299819946289,31.44610023498535,32.72959899902344,193064.0
2011-08-29,27.530868530273438,32.13370132446289,32.4546012878418,31.537799835205078,31.537799835205078,83988.0
2011-08-30,29.29819107055664,34.19649887084961,34.379798889160156,32.546199798583984,32.637901306152344,357768.0
2011-08-31,29.023258209228516,33.8755989074707,34.65489959716797,33.4630012512207,34.65489959716797,170158.0
2011-09-01,28.82689094543457,33.646400451660156,34.379798889160156,33.4630012512207,33.8755989074707,223605.0
2011-09-02,28.905454635620117,33.73809814453125,33.73809814453125,33.004600524902344,33.646400451660156,112348.0
2011-09-05,28.434146881103516,33.1879997253418,33.37139892578125,32.546199798583984,33.09629821777344,89442.0
2011-09-06,27.41306495666504,31.996200561523438,32.91299819946289,31.858600616455078,32.91299819946289,222514.0
2011-09-07,28.277019500732422,33.004600524902344,33.004600524902344,32.179500579833984,32.50040054321289,123255.0
2011-09-08,28.277019500732422,33.004600524902344,33.9213981628418,32.95880126953125,33.9213981628418,133072.0
2011-09-09,28.669757843017578,33.4630012512207,33.4630012512207,32.95880126953125,33.004600524902344,99259.0
2011-09-13,27.57010841369629,32.179500579833984,33.004600524902344,31.81279945373535,33.004600524902344,149434.0
2011-09-14,26.902435302734375,31.40019989013672,33.279701232910156,30.254199981689453,32.8213005065918,382855.0
2011-09-15,27.33449935913086,31.904499053955078,33.23379898071289,31.721099853515625,31.904499053955078,304321.0
2011-09-16,27.962846755981445,32.637901306152344,32.8213005065918,32.225399017333984,32.50040054321289,155978.0
2011-09-19,28.669757843017578,33.4630012512207,33.4630012512207,32.4546012878418,32.637901306152344,158160.0
2011-09-20,28.11997413635254,32.8213005065918,33.09629821777344,32.50040054321289,33.09629821777344,37086.0
2011-09-21,28.669757843017578,33.4630012512207,33.9213981628418,32.8213005065918,32.8213005065918,241057.0
2011-09-22,27.805801391601562,32.4546012878418,32.91299819946289,32.27119827270508,32.637901306152344,99259.0
2011-09-23,27.25593376159668,31.81279945373535,31.996200561523438,30.850200653076172,31.537799835205078,191973.0
2011-09-26,25.370803833007812,29.612499237060547,31.44610023498535,29.612499237060547,31.17099952697754,262872.0
2011-09-27,25.606412887573242,29.887500762939453,30.437599182128906,29.612499237060547,29.97920036315918,326136.0
2011-09-28,25.72421646118164,30.024999618530273,30.71269989013672,29.704200744628906,29.97920036315918,117802.0
2011-09-29,25.7635440826416,30.070899963378906,30.162599563598633,29.337499618530273,29.337499618530273,143980.0
2011-09-30,26.234846115112305,30.621000289916992,30.621000289916992,29.704200744628906,30.070899963378906,166886.0
2011-10-03,25.92058753967285,30.254199981689453,30.621000289916992,29.15410041809082,29.704200744628906,170158.0
2011-10-04,25.449371337890625,29.704200744628906,29.887500762939453,29.52079963684082,29.612499237060547,82897.0
2011-10-05,25.174436569213867,29.38330078125,29.887500762939453,29.38330078125,29.887500762939453,69808.0
2011-10-06,25.52793312072754,29.795900344848633,30.529300689697266,29.658300399780273,29.795900344848633,117802.0
2011-10-07,25.606412887573242,29.887500762939453,30.254199981689453,29.887500762939453,30.254199981689453,86170.0
2011-10-11,26.549020767211914,30.987699508666992,30.987699508666992,30.437599182128906,30.71269989013672,224696.0
2011-10-12,26.156282424926758,30.529300689697266,30.987699508666992,30.529300689697266,30.987699508666992,55629.0
2011-10-13,26.78462791442871,31.262699127197266,31.6294002532959,30.758499145507812,30.850200653076172,245420.0
2011-10-14,26.391887664794922,30.80430030822754,31.17099952697754,30.758499145507812,31.03350067138672,105803.0
2011-10-17,26.98099708557129,31.491899490356445,31.6294002532959,30.987699508666992,30.987699508666992,93805.0
2011-10-18,26.823951721191406,31.3085994720459,31.491899490356445,30.850200653076172,30.850200653076172,63264.0
2011-10-19,26.78462791442871,31.262699127197266,31.6294002532959,31.262699127197266,31.6294002532959,126528.0
2011-10-20,26.391887664794922,30.80430030822754,31.262699127197266,30.71269989013672,31.07939910888672,68718.0
2011-10-21,26.431215286254883,30.850200653076172,30.850200653076172,30.483400344848633,30.80430030822754,68718.0
2011-10-24,26.470455169677734,30.895999908447266,31.354400634765625,30.895999908447266,31.17099952697754,140707.0
2011-10-25,26.74538803100586,31.216899871826172,31.216899871826172,30.9419002532959,31.07939910888672,95987.0
2011-10-26,27.648672103881836,32.27119827270508,32.4546012878418,31.03350067138672,31.216899871826172,178884.0
2011-10-27,28.277019500732422,33.004600524902344,33.4630012512207,31.904499053955078,32.087799072265625,449391.0
2011-10-28,27.805801391601562,32.4546012878418,33.09629821777344,32.40869903564453,32.546199798583984,369766.0
2011-10-31,29.33742904663086,34.2422981262207,34.379798889160156,33.1879997253418,34.104801177978516,876968.0
2011-11-01,28.905454635620117,33.73809814453125,34.838199615478516,33.5546989440918,34.2422981262207,476660.0
2011-11-02,29.6516056060791,34.60900115966797,34.838199615478516,33.1879997253418,33.1879997253418,548650.0
2011-11-03,29.29819107055664,34.19649887084961,35.06740188598633,34.19649887084961,34.60900115966797,395944.0
2011-11-04,30.39784049987793,35.47999954223633,35.755001068115234,34.74660110473633,34.838199615478516,792979.0
2011-11-07,30.08367347717285,35.11330032348633,35.663299560546875,34.838199615478516,35.47999954223633,411215.0
2011-11-08,29.76949119567871,34.74660110473633,35.47999954223633,34.65489959716797,35.11330032348633,390491.0
2011-11-09,29.141063690185547,34.013099670410156,34.929901123046875,34.013099670410156,34.74660110473633,234512.0
2011-11-10,27.138126373291016,31.67530059814453,33.23379898071289,31.67530059814453,32.637901306152344,470116.0
2011-11-11,27.41306495666504,31.996200561523438,32.087799072265625,30.987699508666992,31.996200561523438,162523.0
2011-11-14,28.11997413635254,32.8213005065918,32.8213005065918,32.27119827270508,32.36289978027344,142889.0
2011-11-15,27.727235794067383,32.36289978027344,32.8213005065918,32.179500579833984,32.8213005065918,131981.0
2011-11-16,26.823951721191406,31.3085994720459,32.36289978027344,31.262699127197266,32.36289978027344,150524.0
2011-11-17,26.78462791442871,31.262699127197266,32.087799072265625,30.80430030822754,30.895999908447266,111257.0
2011-11-18,26.78462791442871,31.262699127197266,31.354400634765625,30.9419002532959,31.17099952697754,107985.0
2011-11-21,26.077714920043945,30.437599182128906,31.262699127197266,29.52079963684082,30.987699508666992,227968.0
2011-11-22,25.52793312072754,29.795900344848633,30.20840072631836,29.52079963684082,29.52079963684082,198518.0
2011-11-23,24.192590713500977,28.237300872802734,29.612499237060547,28.237300872802734,29.337499618530273,203971.0
2011-11-24,24.035457611083984,28.05389976501465,28.32900047302246,26.587099075317383,27.68720054626465,186519.0
2011-11-25,23.17150115966797,27.045499801635742,28.32900047302246,26.86210060119629,28.05389976501465,138526.0
2011-11-28,22.778764724731445,26.587099075317383,26.953800201416016,25.166000366210938,25.166000366210938,405761.0
2011-11-29,23.09293556213379,26.953800201416016,26.953800201416016,26.17449951171875,26.220399856567383,210516.0
2011-11-30,22.386024475097656,26.128700256347656,26.907899856567383,26.128700256347656,26.907899856567383,128709.0
2011-12-01,23.48567771911621,27.412200927734375,27.412200927734375,26.77039909362793,26.86210060119629,176702.0
2011-12-02,23.014371871948242,26.86210060119629,27.412200927734375,26.86210060119629,27.412200927734375,77444.0
2011-12-05,23.014371871948242,26.86210060119629,27.137100219726562,25.94529914855957,27.045499801635742,105803.0
2011-12-06,22.15032958984375,25.853599548339844,26.678699493408203,25.80780029296875,26.678699493408203,142889.0
2011-12-07,22.228891372680664,25.94529914855957,26.40369987487793,25.853599548339844,25.853599548339844,162523.0
2011-12-08,22.386024475097656,26.128700256347656,26.220399856567383,25.94529914855957,25.94529914855957,79625.0
2011-12-09,21.67911148071289,25.303600311279297,25.899499893188477,25.303600311279297,25.303600311279297,135254.0
2011-12-12,22.03252410888672,25.716100692749023,26.220399856567383,25.57859992980957,25.57859992980957,137435.0
2011-12-13,21.91472053527832,25.57859992980957,25.716100692749023,25.21190071105957,25.716100692749023,186519.0
2011-12-14,22.1110897064209,25.80780029296875,26.541200637817383,25.670299530029297,25.761899948120117,141798.0
2011-12-15,21.91472053527832,25.57859992980957,25.80780029296875,25.028499603271484,25.486900329589844,118892.0
2011-12-16,22.228891372680664,25.94529914855957,25.94529914855957,25.21190071105957,25.21190071105957,94896.0
2011-12-19,21.090002059936523,24.615999221801758,25.441099166870117,24.15760040283203,25.441099166870117,246511.0
2011-12-20,21.168479919433594,24.707599639892578,24.936800003051758,24.38680076599121,24.4783992767334,114529.0
2011-12-21,22.228891372680664,25.94529914855957,26.03700065612793,25.57859992980957,25.624399185180664,266144.0
2011-12-22,22.935808181762695,26.77039909362793,27.045499801635742,25.94529914855957,25.991100311279297,338134.0
2011-12-23,24.11402130126953,28.145599365234375,28.604000091552734,27.045499801635742,27.045499801635742,517018.0
2011-12-26,24.50676155090332,28.604000091552734,28.970699310302734,28.420700073242188,28.512300491333008,275961.0
2011-12-27,24.231826782226562,28.283100128173828,28.604000091552734,27.5039005279541,28.604000091552734,163613.0
2011-12-28,24.15334701538086,28.191499710083008,29.062400817871094,27.5039005279541,27.916400909423828,317410.0
2011-12-29,23.799850463867188,27.778900146484375,28.237300872802734,27.595500946044922,27.595500946044922,266144.0
2011-12-30,23.91765594482422,27.916400909423828,28.09980010986328,27.68720054626465,28.05389976501465,133072.0
2012-01-02,23.328542709350586,27.22879981994629,28.05389976501465,27.22879981994629,27.916400909423828,165795.0
2012-01-03,23.603479385375977,27.549699783325195,27.595500946044922,27.36639976501465,27.36639976501465,91623.0
2012-01-04,23.8784122467041,27.8705997467041,27.962299346923828,27.5039005279541,27.82469940185547,131981.0
2012-01-05,23.564239501953125,27.5039005279541,28.05389976501465,27.45800018310547,28.05389976501465,107985.0
2012-01-06,23.8784122467041,27.8705997467041,28.879100799560547,27.68720054626465,27.68720054626465,265054.0
2012-01-09,23.760610580444336,27.73310089111328,28.237300872802734,27.73310089111328,28.05389976501465,64355.0
2012-01-10,23.8784122467041,27.8705997467041,28.008100509643555,27.73310089111328,28.008100509643555,68718.0
2012-01-11,24.074783325195312,28.09980010986328,28.420700073242188,27.916400909423828,27.962299346923828,151615.0
2012-01-12,23.91765594482422,27.916400909423828,28.191499710083008,27.916400909423828,28.145599365234375,158160.0
2012-01-13,23.564239501953125,27.5039005279541,27.962299346923828,27.5039005279541,27.962299346923828,236694.0
2012-01-16,23.564239501953125,27.5039005279541,28.32900047302246,27.45800018310547,28.32900047302246,121074.0
2012-01-17,24.192590713500977,28.237300872802734,28.32900047302246,27.5039005279541,27.5039005279541,150524.0
2012-01-18,24.781696319580078,28.92490005493164,29.337499618530273,28.237300872802734,28.69569969177246,343588.0
2012-01-30,25.92058753967285,30.254199981689453,30.621000289916992,29.15410041809082,30.070899963378906,467934.0
2012-01-31,27.41306495666504,31.996200561523438,32.36289978027344,30.254199981689453,30.254199981689453,460299.0
2012-02-01,27.609432220458984,32.225399017333984,32.637901306152344,31.40019989013672,32.4546012878418,352314.0
2012-02-02,28.11997413635254,32.8213005065918,33.1879997253418,31.44610023498535,32.36289978027344,412306.0
2012-02-03,28.19853973388672,32.91299819946289,33.279701232910156,32.27119827270508,32.36289978027344,291232.0
2012-02-06,26.941761016845703,31.44610023498535,32.40869903564453,31.44610023498535,32.087799072265625,200699.0
2012-02-07,27.57010841369629,32.179500579833984,32.179500579833984,31.6294002532959,31.6294002532959,206153.0
2012-02-08,28.19853973388672,32.91299819946289,33.279701232910156,32.27119827270508,32.637901306152344,457027.0
2012-02-09,27.727235794067383,32.36289978027344,33.37139892578125,32.36289978027344,33.37139892578125,326136.0
2012-02-10,28.355579376220703,33.09629821777344,33.5546989440918,32.36289978027344,32.40869903564453,344679.0
2012-02-13,30.319276809692383,35.388301849365234,35.388301849365234,33.4630012512207,33.73809814453125,490840.0
2012-02-14,30.633453369140625,35.755001068115234,37.86370086669922,35.755001068115234,37.86370086669922,1321996.0
2012-02-15,31.104753494262695,36.30509948730469,37.77199935913086,35.98419952392578,37.77199935913086,647909.0
2012-02-16,29.69092559814453,34.65489959716797,37.13019943237305,34.379798889160156,36.213401794433594,439575.0
2012-02-17,29.53380012512207,34.471500396728516,35.57170104980469,34.104801177978516,34.929901123046875,371948.0
2012-02-20,30.08367347717285,35.11330032348633,36.121700286865234,34.65489959716797,35.02159881591797,357768.0
2012-02-21,29.69092559814453,34.65489959716797,35.25080108642578,34.379798889160156,34.65489959716797,136344.0
2012-02-22,29.887304306030273,34.88410186767578,35.57170104980469,34.838199615478516,34.838199615478516,235603.0
2012-02-23,29.53380012512207,34.471500396728516,35.296600341796875,34.379798889160156,34.88410186767578,304321.0
2012-02-24,29.494565963745117,34.42570114135742,35.02159881591797,34.42570114135742,34.471500396728516,272689.0
2012-02-29,29.53380012512207,34.471500396728516,35.342498779296875,34.471500396728516,34.838199615478516,209425.0
2012-03-01,29.76949119567871,34.74660110473633,35.02159881591797,34.563201904296875,34.563201904296875,88351.0
2012-03-02,29.84797477722168,34.838199615478516,35.204898834228516,34.838199615478516,34.838199615478516,215970.0
2012-03-05,29.062498092651367,33.9213981628418,34.88410186767578,33.9213981628418,34.19649887084961,233422.0
2012-03-06,27.962846755981445,32.637901306152344,34.013099670410156,32.087799072265625,33.9213981628418,358859.0
2012-03-07,27.57010841369629,32.179500579833984,32.72959899902344,31.904499053955078,32.087799072265625,109076.0
2012-03-08,29.023258209228516,33.8755989074707,34.013099670410156,32.4546012878418,32.8213005065918,395944.0
2012-03-09,28.94469451904297,33.78390121459961,34.013099670410156,33.4630012512207,33.82979965209961,179975.0
2012-03-12,28.591279983520508,33.37139892578125,34.15060043334961,33.32550048828125,33.78390121459961,127618.0
2012-03-13,29.062498092651367,33.9213981628418,34.05889892578125,33.32550048828125,33.82979965209961,164704.0
2012-03-14,29.29819107055664,34.19649887084961,34.838199615478516,34.05889892578125,34.379798889160156,221423.0
2012-03-15,29.455236434936523,34.379798889160156,34.51729965209961,34.05889892578125,34.2422981262207,107985.0
2012-03-16,29.141063690185547,34.013099670410156,34.563201904296875,33.9213981628418,34.379798889160156,113439.0
2012-03-19,28.748321533203125,33.5546989440918,34.379798889160156,33.5546989440918,34.19649887084961,212697.0
2012-03-20,27.92360496520996,32.592098236083984,33.78390121459961,32.592098236083984,33.646400451660156,134163.0
2012-03-21,28.04140853881836,32.72959899902344,32.91299819946289,32.592098236083984,32.8213005065918,172339.0
2012-03-22,29.062498092651367,33.9213981628418,34.19649887084961,32.72959899902344,32.72959899902344,189792.0
2012-03-23,29.84797477722168,34.838199615478516,34.838199615478516,33.9213981628418,34.013099670410156,294504.0
2012-03-26,29.965778350830078,34.97570037841797,35.434200286865234,34.471500396728516,35.02159881591797,596643.0
2012-03-27,29.141063690185547,34.013099670410156,35.296600341796875,34.013099670410156,35.296600341796875,215970.0
2012-03-28,29.219627380371094,34.104801177978516,34.379798889160156,33.9213981628418,34.379798889160156,101440.0
2012-03-29,27.962846755981445,32.637901306152344,33.9213981628418,32.087799072265625,33.9213981628418,306502.0
2012-03-30,27.92360496520996,32.592098236083984,32.683799743652344,31.6294002532959,32.087799072265625,179975.0
2012-04-02,27.648672103881836,32.27119827270508,33.279701232910156,32.179500579833984,33.279701232910156,127618.0
2012-04-03,26.313411712646484,30.71269989013672,32.36289978027344,30.254199981689453,32.31700134277344,298867.0
2012-04-05,25.92058753967285,30.254199981689453,30.71269989013672,28.970699310302734,30.254199981689453,114529.0
2012-04-06,26.86319351196289,31.354400634765625,31.6294002532959,30.254199981689453,30.71269989013672,135254.0
2012-04-09,28.709083557128906,33.5088996887207,33.5088996887207,32.27119827270508,32.8213005065918,740623.0
2012-04-10,28.748321533203125,33.5546989440918,34.104801177978516,32.8213005065918,32.8213005065918,341407.0
2012-04-11,28.748321533203125,33.5546989440918,33.9213981628418,33.004600524902344,33.09629821777344,161432.0
2012-04-12,29.062498092651367,33.9213981628418,34.65489959716797,33.5546989440918,33.5546989440918,279233.0
2012-04-13,29.612363815307617,34.563201904296875,35.02159881591797,34.2422981262207,34.379798889160156,367585.0
2012-04-16,29.219627380371094,34.104801177978516,34.838199615478516,34.104801177978516,34.28820037841797,98168.0
2012-04-17,28.277019500732422,33.004600524902344,34.104801177978516,32.4546012878418,34.104801177978516,239966.0
2012-04-18,27.57010841369629,32.179500579833984,33.4630012512207,31.81279945373535,33.4630012512207,269417.0
2012-04-19,27.491540908813477,32.087799072265625,32.4546012878418,31.6294002532959,31.904499053955078,93805.0
2012-04-20,27.098804473876953,31.6294002532959,32.40869903564453,31.6294002532959,32.40869903564453,135254.0
2012-04-23,27.02032470703125,31.537799835205078,32.36289978027344,31.262699127197266,31.6294002532959,105803.0
2012-04-24,28.04140853881836,32.72959899902344,33.004600524902344,31.491899490356445,31.537799835205078,284687.0
2012-04-25,28.355579376220703,33.09629821777344,33.4630012512207,32.4546012878418,33.4630012512207,201790.0
2012-04-26,27.1773681640625,31.721099853515625,33.279701232910156,31.721099853515625,33.279701232910156,154887.0
2012-04-27,27.098804473876953,31.6294002532959,32.27119827270508,31.6294002532959,32.27119827270508,94896.0
2012-04-30,27.1773681640625,31.721099853515625,31.81279945373535,31.17099952697754,31.6294002532959,114529.0
2012-05-02,28.355579376220703,33.09629821777344,33.1879997253418,31.950300216674805,31.996200561523438,145071.0
2012-05-03,27.727235794067383,32.36289978027344,33.004600524902344,32.36289978027344,33.004600524902344,73081.0
2012-05-04,28.355579376220703,33.09629821777344,33.37139892578125,32.13370132446289,32.40869903564453,121074.0
2012-05-07,28.19853973388672,32.91299819946289,33.004600524902344,32.4546012878418,33.004600524902344,87260.0
2012-05-08,27.92360496520996,32.592098236083984,33.004600524902344,32.546199798583984,33.004600524902344,53447.0
2012-05-09,27.25593376159668,31.81279945373535,32.36289978027344,31.6294002532959,32.36289978027344,185428.0
2012-05-10,27.25593376159668,31.81279945373535,32.225399017333984,31.721099853515625,31.721099853515625,39267.0
2012-05-11,26.823951721191406,31.3085994720459,31.6294002532959,31.216899871826172,31.6294002532959,47993.0
2012-05-14,26.86319351196289,31.354400634765625,31.44610023498535,31.17099952697754,31.354400634765625,44721.0
2012-05-15,26.86319351196289,31.354400634765625,31.354400634765625,30.71269989013672,31.262699127197266,107985.0
2012-05-16,25.92058753967285,30.254199981689453,31.354400634765625,30.254199981689453,31.354400634765625,64355.0
2012-05-17,26.313411712646484,30.71269989013672,30.850200653076172,30.300100326538086,30.391799926757812,83988.0
2012-05-18,24.50676155090332,28.604000091552734,30.57509994506836,28.604000091552734,29.97920036315918,536652.0
2012-05-21,24.271156311035156,28.32900047302246,28.787399291992188,28.05389976501465,28.649900436401367,222514.0
2012-05-22,24.742456436157227,28.879100799560547,29.108299255371094,28.420700073242188,28.604000091552734,177793.0
2012-05-23,24.349720001220703,28.420700073242188,28.879100799560547,28.237300872802734,28.69569969177246,43630.0
2012-05-24,23.996217727661133,28.008100509643555,28.879100799560547,27.962299346923828,28.512300491333008,76353.0
2012-05-25,24.074783325195312,28.09980010986328,28.420700073242188,27.916400909423828,28.237300872802734,110166.0
2012-05-28,23.83909034729004,27.82469940185547,28.420700073242188,27.137100219726562,28.420700073242188,213788.0
2012-05-29,25.213674545288086,29.429100036621094,29.52079963684082,28.09980010986328,28.237300872802734,210516.0
2012-05-30,24.70313262939453,28.833200454711914,29.245800018310547,28.787399291992188,29.245800018310547,49084.0
2012-05-31,24.70313262939453,28.833200454711914,28.970699310302734,28.145599365234375,28.32900047302246,61082.0
2012-06-01,23.956979751586914,27.962299346923828,28.833200454711914,27.962299346923828,28.69569969177246,122165.0
2012-06-04,23.014371871948242,26.86210060119629,27.5039005279541,26.816299438476562,27.36639976501465,159250.0
2012-06-05,23.4071102142334,27.320499420166016,27.68720054626465,27.045499801635742,27.045499801635742,81807.0
2012-06-06,24.035457611083984,28.05389976501465,28.237300872802734,27.320499420166016,27.320499420166016,54538.0
2012-06-07,24.11402130126953,28.145599365234375,28.604000091552734,27.962299346923828,28.420700073242188,67627.0
2012-06-08,23.48567771911621,27.412200927734375,28.32900047302246,27.045499801635742,27.778900146484375,151615.0
2012-06-11,24.349720001220703,28.420700073242188,28.69569969177246,28.237300872802734,28.237300872802734,165795.0
2012-06-12,24.50676155090332,28.604000091552734,28.787399291992188,28.237300872802734,28.237300872802734,86170.0
2012-06-13,24.38895606994629,28.46649932861328,29.245800018310547,28.05389976501465,28.604000091552734,147252.0
2012-06-14,24.428197860717773,28.512300491333008,28.512300491333008,28.191499710083008,28.420700073242188,42539.0
2012-06-15,24.5853271484375,28.69569969177246,28.879100799560547,28.512300491333008,28.512300491333008,118892.0
2012-06-18,25.174436569213867,29.38330078125,29.887500762939453,28.970699310302734,29.062400817871094,184338.0
2012-06-19,25.645736694335938,29.933399200439453,30.666799545288086,29.337499618530273,29.612499237060547,345770.0
2012-06-20,26.627588272094727,31.07939910888672,31.721099853515625,30.162599563598633,30.71269989013672,488659.0
2012-06-21,26.627588272094727,31.07939910888672,31.67530059814453,30.80430030822754,31.07939910888672,296686.0
2012-06-22,27.098804473876953,31.6294002532959,32.4546012878418,30.391799926757812,30.391799926757812,446119.0
2012-06-25,26.78462791442871,31.262699127197266,32.27119827270508,31.17099952697754,31.6294002532959,278143.0
2012-06-26,27.1773681640625,31.721099853515625,31.904499053955078,30.987699508666992,31.262699127197266,342497.0
2012-06-27,29.062498092651367,33.9213981628418,33.9213981628418,32.36289978027344,32.91299819946289,892238.0
2012-06-28,28.434146881103516,33.1879997253418,35.204898834228516,33.1879997253418,35.02159881591797,1196559.0
2012-06-29,29.062498092651367,33.9213981628418,34.19649887084961,33.004600524902344,33.004600524902344,847517.0
2012-07-02,30.51564598083496,35.61750030517578,36.259300231933594,34.838199615478516,35.296600341796875,1972086.0
2012-07-03,30.51564598083496,35.61750030517578,36.259300231933594,35.296600341796875,35.388301849365234,946776.0
2012-07-04,30.35860252380371,35.434200286865234,36.03010177612305,35.02159881591797,35.755001068115234,628275.0
2012-07-05,30.79058837890625,35.93840026855469,36.580101013183594,35.296600341796875,35.755001068115234,905327.0
2012-07-06,30.280040740966797,35.342498779296875,36.39680099487305,35.342498779296875,35.93840026855469,566102.0
2012-07-09,29.965778350830078,34.97570037841797,35.663299560546875,34.65489959716797,34.65489959716797,381765.0
2012-07-10,29.41599464416504,34.33399963378906,35.296600341796875,33.9213981628418,34.97570037841797,403580.0
2012-07-11,30.044347763061523,35.06740188598633,35.11330032348633,33.9213981628418,34.013099670410156,438484.0
2012-07-12,30.044347763061523,35.06740188598633,35.52579879760742,34.929901123046875,35.52579879760742,321773.0
2012-07-13,29.53380012512207,34.471500396728516,35.296600341796875,34.379798889160156,35.296600341796875,377402.0
2012-07-16,29.10181999206543,33.96730041503906,35.11330032348633,33.96730041503906,34.471500396728516,262872.0
2012-07-17,30.08367347717285,35.11330032348633,35.47999954223633,33.96730041503906,33.96730041503906,350133.0
2012-07-18,30.59421157836914,35.70920181274414,35.93840026855469,35.11330032348633,35.11330032348633,840973.0
2012-07-19,30.990774154663086,35.15909957885742,35.57170104980469,35.02159881591797,35.11330032348633,905327.0
2012-07-20,31.59685707092285,35.84669876098633,36.48849868774414,35.02159881591797,35.296600341796875,967500.0
2012-07-23,31.79888343811035,36.07590103149414,36.07590103149414,35.388301849365234,35.57170104980469,455936.0
2012-07-24,30.707918167114258,34.838199615478516,36.07590103149414,34.013099670410156,36.07590103149414,611914.0
2012-07-25,30.384695053100586,34.471500396728516,34.929901123046875,34.104801177978516,34.65489959716797,426486.0
2012-07-26,30.425065994262695,34.51729965209961,34.929901123046875,34.51729965209961,34.838199615478516,234512.0
2012-07-27,30.425065994262695,34.51729965209961,34.929901123046875,34.42570114135742,34.838199615478516,226877.0
2012-07-30,30.26349449157715,34.33399963378906,34.929901123046875,34.33399963378906,34.838199615478516,289050.0
2012-07-31,30.384695053100586,34.471500396728516,34.65489959716797,34.33399963378906,34.33399963378906,233422.0
2012-08-01,31.516027450561523,35.755001068115234,36.48849868774414,34.471500396728516,34.471500396728516,1076576.0
2012-08-03,32.647361755371094,37.03850173950195,37.680301666259766,35.47999954223633,35.755001068115234,1432162.0
2012-08-06,33.45547103881836,37.955299377441406,38.872100830078125,37.03850173950195,37.588600158691406,1457250.0
2012-08-07,32.80901336669922,37.221900939941406,38.59709930419922,36.48849868774414,37.955299377441406,744986.0
2012-08-08,33.94035339355469,38.505401611328125,38.68880081176758,37.13019943237305,37.680301666259766,1347083.0
2012-08-09,33.94035339355469,38.505401611328125,38.505401611328125,37.81779861450195,38.047000885009766,811522.0
2012-08-10,33.859519958496094,38.413700103759766,39.238800048828125,38.13869857788086,38.505401611328125,746077.0
2012-08-13,33.859519958496094,38.413700103759766,39.330501556396484,38.413700103759766,39.330501556396484,896601.0
2012-08-14,32.970672607421875,37.40530014038086,38.413700103759766,37.3135986328125,38.047000885009766,916235.0
2012-08-15,33.132240295410156,37.588600158691406,37.90950012207031,37.221900939941406,37.588600158691406,302139.0
2012-08-16,33.415096282958984,37.90950012207031,38.36790084838867,37.588600158691406,37.86370086669922,363222.0
2012-08-17,33.213069915771484,37.680301666259766,38.13869857788086,37.680301666259766,37.81779861450195,212697.0
2012-08-20,32.647361755371094,37.03850173950195,37.86370086669922,36.76350021362305,37.86370086669922,253055.0
2012-08-21,32.84938430786133,37.2677001953125,37.77199935913086,37.13019943237305,37.13019943237305,323954.0
2012-08-22,33.37472915649414,37.86370086669922,38.96379852294922,37.13019943237305,37.2677001953125,835519.0
2012-08-23,34.99085235595703,39.697200775146484,39.88059997558594,38.505401611328125,38.505401611328125,1708124.0
2012-08-24,35.96062088012695,40.797401428222656,41.989200592041016,39.238800048828125,39.42219924926758,2289496.0
2012-08-27,35.96062088012695,40.797401428222656,41.622501373291016,40.155601501464844,41.25579833984375,965319.0
2012-08-28,34.223201751708984,38.82630157470703,40.3390007019043,38.68880081176758,40.2932014465332,1179107.0
2012-08-29,35.15250778198242,39.88059997558594,40.06399917602539,38.505401611328125,38.505401611328125,894420.0
2012-08-30,34.5868034362793,39.238800048828125,40.934898376464844,38.96379852294922,39.78889846801758,856243.0
2012-08-31,34.788822174072266,39.46799850463867,39.78889846801758,39.009700775146484,39.376399993896484,423213.0
2012-09-03,34.829288482666016,39.51390075683594,39.78889846801758,39.05550003051758,39.60559844970703,477751.0
2012-09-04,34.74845886230469,39.42219924926758,40.06399917602539,39.14720153808594,39.14720153808594,511564.0
2012-09-05,34.5868034362793,39.238800048828125,39.78889846801758,39.14720153808594,39.46799850463867,311956.0
2012-09-06,33.05141067504883,37.49689865112305,39.55970001220703,37.17610168457031,39.14720153808594,780981.0
2012-09-07,32.80901336669922,37.221900939941406,38.321998596191406,37.221900939941406,37.86370086669922,549741.0
2012-09-10,33.45547103881836,37.955299377441406,38.13869857788086,37.35940170288086,37.45109939575195,366494.0
2012-09-11,32.970672607421875,37.40530014038086,37.81779861450195,37.221900939941406,37.680301666259766,196336.0
2012-09-12,33.132240295410156,37.588600158691406,38.047000885009766,37.40530014038086,37.588600158691406,354496.0
2012-09-13,32.970672607421875,37.40530014038086,38.00120162963867,37.40530014038086,37.588600158691406,230149.0
2012-09-14,34.02117919921875,38.59709930419922,38.96379852294922,37.680301666259766,38.23040008544922,747168.0
2012-09-17,33.859519958496094,38.413700103759766,39.14720153808594,38.23040008544922,39.14720153808594,369766.0
2012-09-18,34.1827507019043,38.780399322509766,39.238800048828125,38.047000885009766,38.23040008544922,338134.0
2012-09-19,34.142372131347656,38.73460006713867,39.238800048828125,38.459598541259766,38.68880081176758,380674.0
2012-09-20,33.81915283203125,38.36790084838867,38.872100830078125,38.27619934082031,38.505401611328125,225786.0
2012-09-21,34.02117919921875,38.59709930419922,39.10129928588867,38.551300048828125,38.59709930419922,319591.0
2012-09-24,33.94035339355469,38.505401611328125,39.009700775146484,38.505401611328125,38.505401611328125,208334.0
2012-09-25,34.26357650756836,38.872100830078125,39.697200775146484,38.505401611328125,38.505401611328125,756985.0
2012-09-26,34.26357650756836,38.872100830078125,39.697200775146484,38.780399322509766,39.009700775146484,527926.0
2012-09-27,34.70808792114258,39.376399993896484,40.155601501464844,38.505401611328125,38.505401611328125,870423.0
2012-09-28,34.70808792114258,39.376399993896484,39.88059997558594,38.96379852294922,39.05550003051758,467934.0
2012-10-01,35.475738525390625,40.24729919433594,40.797401428222656,39.376399993896484,39.376399993896484,796252.0
2012-10-02,34.34440231323242,38.96379852294922,40.61399841308594,38.780399322509766,40.61399841308594,782072.0
2012-10-03,33.61712646484375,38.13869857788086,38.872100830078125,38.047000885009766,38.64289855957031,366494.0
2012-10-04,33.859519958496094,38.413700103759766,38.780399322509766,38.047000885009766,38.321998596191406,289050.0
2012-10-05,34.506065368652344,39.14720153808594,39.284698486328125,38.27619934082031,38.59709930419922,352314.0
2012-10-08,34.506065368652344,39.14720153808594,40.797401428222656,39.14720153808594,39.42219924926758,1264186.0
2012-10-09,33.859519958496094,38.413700103759766,39.42219924926758,38.23040008544922,39.14720153808594,584645.0
2012-10-11,33.132240295410156,37.588600158691406,38.23040008544922,37.40530014038086,37.955299377441406,437393.0
2012-10-12,33.132240295410156,37.588600158691406,38.505401611328125,36.5343017578125,37.3135986328125,591190.0
2012-10-15,31.960542678833008,36.259300231933594,37.588600158691406,36.121700286865234,36.71770095825195,487568.0
2012-10-16,32.28376388549805,36.625999450683594,36.80929946899414,36.35089874267578,36.44260025024414,256328.0
2012-10-17,32.24331283569336,36.580101013183594,37.40530014038086,36.48849868774414,37.40530014038086,193064.0
2012-10-18,32.16256332397461,36.48849868774414,36.9468994140625,36.44260025024414,36.9468994140625,155978.0
2012-10-19,32.68782043457031,37.08440017700195,37.13019943237305,36.5343017578125,36.855201721191406,231240.0
2012-10-22,32.324134826660156,36.67179870605469,37.08440017700195,35.02159881591797,36.855201721191406,327227.0
2012-10-23,32.324134826660156,36.67179870605469,38.00120162963867,36.5343017578125,36.5343017578125,362131.0
2012-10-24,31.92008399963379,36.213401794433594,37.13019943237305,36.03010177612305,36.213401794433594,316319.0
2012-10-25,30.950408935546875,35.11330032348633,36.39680099487305,35.02159881591797,35.84669876098633,370857.0
2012-10-26,29.334192276000977,33.279701232910156,35.755001068115234,32.683799743652344,35.755001068115234,476660.0
2012-10-29,28.445253372192383,32.27119827270508,33.73809814453125,32.087799072265625,33.4630012512207,283597.0
2012-10-30,28.445253372192383,32.27119827270508,33.004600524902344,31.6294002532959,32.27119827270508,258509.0
2012-10-31,28.606910705566406,32.4546012878418,32.72959899902344,32.087799072265625,32.637901306152344,119983.0
2012-11-01,28.24322509765625,32.04199981689453,32.36289978027344,30.987699508666992,32.087799072265625,313047.0
2012-11-02,28.202856063842773,31.996200561523438,32.77539825439453,31.996200561523438,32.13370132446289,145071.0
2012-11-05,28.202856063842773,31.996200561523438,32.36289978027344,31.6294002532959,31.904499053955078,162523.0
2012-11-06,28.768476486206055,32.637901306152344,32.77539825439453,31.996200561523438,31.996200561523438,83988.0
2012-11-07,29.899812698364258,33.9213981628418,33.9213981628418,32.72959899902344,33.004600524902344,219242.0
2012-11-08,29.53621482849121,33.5088996887207,33.9213981628418,33.1879997253418,33.646400451660156,139617.0
2012-11-09,29.899812698364258,33.9213981628418,34.15060043334961,33.4630012512207,33.4630012512207,151615.0
2012-11-12,29.253360748291016,33.1879997253418,33.9213981628418,33.1879997253418,33.9213981628418,124346.0
2012-11-13,28.283594131469727,32.087799072265625,33.004600524902344,31.904499053955078,33.004600524902344,198518.0
2012-11-14,28.606910705566406,32.4546012878418,32.4546012878418,31.6294002532959,31.81279945373535,160341.0
2012-11-15,28.081567764282227,31.858600616455078,32.27119827270508,31.858600616455078,31.904499053955078,135254.0
2012-11-16,27.879541397094727,31.6294002532959,32.40869903564453,31.6294002532959,31.6294002532959,100350.0
2012-11-19,26.66737937927246,30.254199981689453,31.67530059814453,30.254199981689453,31.67530059814453,283597.0
2012-11-20,26.66737937927246,30.254199981689453,30.71269989013672,29.887500762939453,30.71269989013672,87260.0
2012-11-21,26.02092742919922,29.52079963684082,30.57509994506836,29.337499618530273,30.529300689697266,97077.0
2012-11-22,25.778532028198242,29.245800018310547,30.162599563598633,29.199899673461914,29.795900344848633,130891.0
2012-11-23,26.54618263244629,30.11669921875,30.162599563598633,29.887500762939453,29.887500762939453,133072.0
2012-11-26,26.950237274169922,30.57509994506836,30.987699508666992,30.483400344848633,30.71269989013672,140707.0
2012-11-27,27.717975616455078,31.44610023498535,31.904499053955078,30.80430030822754,30.987699508666992,286869.0
2012-11-28,27.47548484802246,31.17099952697754,31.44610023498535,30.80430030822754,31.44610023498535,151615.0
2012-11-29,27.273550033569336,30.9419002532959,31.6294002532959,30.9419002532959,31.262699127197266,122165.0
2012-11-30,27.637144088745117,31.354400634765625,31.904499053955078,30.987699508666992,30.987699508666992,172339.0
2012-12-03,27.55631446838379,31.262699127197266,31.6294002532959,31.17099952697754,31.6294002532959,109076.0
2012-12-04,27.879541397094727,31.6294002532959,31.6294002532959,31.03350067138672,31.262699127197266,83988.0
2012-12-05,28.647279739379883,32.50040054321289,32.683799743652344,31.904499053955078,31.904499053955078,214879.0
2012-12-06,28.324052810668945,32.13370132446289,32.86709976196289,32.13370132446289,32.179500579833984,118892.0
2012-12-07,28.081567764282227,31.858600616455078,32.683799743652344,31.858600616455078,32.27119827270508,122165.0
2012-12-10,27.879541397094727,31.6294002532959,32.27119827270508,31.40019989013672,32.087799072265625,81807.0
2012-12-11,28.687650680541992,32.546199798583984,32.8213005065918,31.81279945373535,31.81279945373535,305412.0
2012-12-12,29.899812698364258,33.9213981628418,34.471500396728516,32.683799743652344,32.72959899902344,551922.0
2012-12-13,29.495758056640625,33.4630012512207,34.471500396728516,33.37139892578125,33.9213981628418,400307.0
2012-12-14,29.576583862304688,33.5546989440918,33.5546989440918,32.592098236083984,33.1879997253418,224696.0
2012-12-17,31.637224197387695,35.89250183105469,35.89250183105469,33.5546989440918,33.5546989440918,1447433.0
2012-12-18,33.81915283203125,38.36790084838867,38.36790084838867,36.167598724365234,36.167598724365234,2116066.0
2012-12-19,33.213069915771484,37.680301666259766,39.42219924926758,37.680301666259766,39.009700775146484,3446788.0
2012-12-20,31.314001083374023,35.52579879760742,38.27619934082031,35.11330032348633,37.588600158691406,2610179.0
2012-12-21,31.152429580688477,35.342498779296875,35.89250183105469,34.838199615478516,35.52579879760742,603188.0
2012-12-24,33.05141067504883,37.49689865112305,37.955299377441406,36.76350021362305,36.76350021362305,1090756.0
2012-12-25,33.37472915649414,37.86370086669922,37.955299377441406,36.35089874267578,37.955299377441406,874786.0
2012-12-26,33.778690338134766,38.321998596191406,40.47650146484375,38.09280014038086,38.96379852294922,3320261.0
2012-12-27,32.56661605834961,36.9468994140625,38.68880081176758,36.48849868774414,37.72610092163086,1205285.0
2012-12-28,34.26357650756836,38.872100830078125,38.96379852294922,37.221900939941406,37.588600158691406,1659040.0
2013-01-02,34.26357650756836,38.872100830078125,39.88059997558594,38.780399322509766,39.88059997558594,1717940.0
2013-01-03,34.506065368652344,39.14720153808594,39.60559844970703,38.780399322509766,38.780399322509766,964228.0
2013-01-04,34.506065368652344,39.14720153808594,40.7056999206543,39.14720153808594,39.14720153808594,1977540.0
2013-01-07,33.859519958496094,38.413700103759766,39.42219924926758,38.321998596191406,39.14720153808594,651181.0
2013-01-08,33.94035339355469,38.505401611328125,38.96379852294922,38.13869857788086,38.413700103759766,500657.0
2013-01-09,33.94035339355469,38.505401611328125,39.19300079345703,38.23040008544922,38.505401611328125,488659.0
2013-01-10,32.647361755371094,37.03850173950195,38.82630157470703,36.992698669433594,38.82630157470703,642455.0
2013-01-11,33.132240295410156,37.588600158691406,37.77199935913086,37.03850173950195,37.03850173950195,297776.0
2013-01-14,33.132240295410156,37.588600158691406,38.047000885009766,37.40530014038086,37.588600158691406,247602.0
2013-01-15,32.606990814208984,36.992698669433594,37.588600158691406,36.67179870605469,36.67179870605469,355586.0
2013-01-16,31.758516311645508,36.03010177612305,36.9010009765625,36.03010177612305,36.9010009765625,296686.0
2013-01-17,30.384695053100586,34.471500396728516,36.855201721191406,34.104801177978516,36.30509948730469,413396.0
2013-01-18,30.82911491394043,34.97570037841797,35.388301849365234,34.51729965209961,35.02159881591797,466843.0
2013-01-21,31.354455947875977,35.57170104980469,35.70920181274414,34.838199615478516,35.06740188598633,177793.0
2013-01-22,32.28376388549805,36.625999450683594,36.80929946899414,35.57170104980469,35.57170104980469,298867.0
2013-01-23,31.92008399963379,36.213401794433594,37.13019943237305,36.213401794433594,37.13019943237305,124346.0
2013-01-24,31.71805191040039,35.98419952392578,36.44260025024414,35.84669876098633,36.213401794433594,143980.0
2013-01-25,32.16256332397461,36.48849868774414,36.67179870605469,35.755001068115234,35.84669876098633,190882.0
2013-01-28,31.758516311645508,36.03010177612305,36.855201721191406,36.03010177612305,36.48849868774414,93805.0
2013-01-29,32.04127883911133,36.35089874267578,36.67179870605469,36.121700286865234,36.35089874267578,162523.0
2013-01-30,32.08173751831055,36.39680099487305,36.67179870605469,36.30509948730469,36.39680099487305,142889.0
2013-01-31,31.92008399963379,36.213401794433594,37.08440017700195,36.213401794433594,36.48849868774414,194155.0
2013-02-01,31.758516311645508,36.03010177612305,36.213401794433594,35.663299560546875,36.213401794433594,287960.0
2013-02-04,31.9620418548584,36.26100158691406,36.54280090332031,36.16699981689453,36.26100158691406,282094.0
2013-02-05,32.04480743408203,36.35490036010742,36.54280090332031,35.88520050048828,35.97919845581055,175643.0
2013-02-06,31.713647842407227,35.97919845581055,36.44889831542969,35.93220138549805,36.35490036010742,170321.0
2013-02-18,31.340974807739258,35.556400299072266,36.07310104370117,35.32160186767578,35.97919845581055,223546.0
2013-02-19,32.08623504638672,36.40190124511719,36.82460021972656,35.69729995727539,35.69729995727539,172450.0
2013-02-20,33.121219635009766,37.57609939575195,37.57609939575195,35.93220138549805,36.40190124511719,451350.0
2013-02-21,33.32827377319336,37.81100082397461,38.46860122680664,37.247398376464844,37.388301849365234,530124.0
2013-02-22,33.45247268676758,37.951900482177734,38.045799255371094,36.7775993347168,37.763999938964844,468382.0
2013-02-25,32.790069580078125,37.200401306152344,38.233699798583984,37.200401306152344,37.858001708984375,472640.0
2013-02-26,32.29319381713867,36.63669967651367,37.858001708984375,36.63669967651367,37.200401306152344,356609.0
2013-02-27,34.52888870239258,39.173099517822266,39.173099517822266,36.68370056152344,36.68370056152344,1595693.0
2013-03-01,35.1085319519043,39.8306999206543,41.70949935913086,39.454898834228516,40.11249923706055,4766854.0
2013-03-04,32.83149337768555,37.247398376464844,39.8306999206543,37.10639953613281,39.454898834228516,1275277.0
2013-03-05,32.9556884765625,37.388301849365234,38.233699798583984,37.247398376464844,37.247398376464844,699380.0
2013-03-06,32.54167175292969,36.91859817504883,37.858001708984375,36.63669967651367,37.763999938964844,459866.0
2013-03-07,32.707210540771484,37.10639953613281,37.482200622558594,36.68370056152344,37.01250076293945,296997.0
2013-03-08,32.21043014526367,36.54280090332031,37.43519973754883,36.54280090332031,37.247398376464844,451350.0
2013-03-11,32.25185775756836,36.58980178833008,37.01250076293945,36.16699981689453,36.16699981689453,306577.0
2013-03-12,32.25185775756836,36.58980178833008,37.43519973754883,36.07310104370117,36.07310104370117,337828.0
2013-03-13,31.9620418548584,36.26100158691406,37.05950164794922,36.26100158691406,36.58980178833008,243772.0
2013-03-14,31.796417236328125,36.07310104370117,36.26100158691406,36.07310104370117,36.07310104370117,191614.0
2013-03-15,31.54802131652832,35.79130172729492,36.91859817504883,35.79130172729492,36.07310104370117,228628.0
2013-03-18,30.8856143951416,35.039798736572266,35.88520050048828,34.851898193359375,35.88520050048828,532493.0
2013-03-19,31.465167999267578,35.69729995727539,35.69729995727539,35.22760009765625,35.32160186767578,264600.0
2013-03-20,31.796417236328125,36.07310104370117,36.58980178833008,35.69729995727539,35.69729995727539,314630.0
2013-03-21,31.63079071044922,35.88520050048828,36.49580001831055,35.69729995727539,36.16699981689453,319352.0
2013-03-22,31.382404327392578,35.60340118408203,36.07310104370117,35.509498596191406,36.026100158691406,196252.0
2013-03-25,31.506593704223633,35.744300842285156,36.44889831542969,35.60340118408203,35.744300842285156,208115.0
2013-03-26,31.713647842407227,35.97919845581055,36.07310104370117,35.79130172729492,35.79130172729492,157069.0
2013-03-27,31.465167999267578,35.69729995727539,36.16699981689453,35.60340118408203,35.97919845581055,347768.0
2013-03-28,31.051151275634766,35.22760009765625,35.69729995727539,35.22760009765625,35.69729995727539,183986.0
2013-03-29,31.13401222229004,35.32160186767578,35.509498596191406,35.13370132446289,35.22760009765625,176298.0
2013-04-01,30.637142181396484,34.75790023803711,35.32160186767578,34.56999969482422,35.32160186767578,284816.0
2013-04-02,32.74863815307617,37.15340042114258,37.15340042114258,34.56999969482422,34.75790023803711,1238924.0
2013-04-03,32.29319381713867,36.63669967651367,38.045799255371094,36.44889831542969,38.045799255371094,1078344.0
2013-04-08,30.80276107788086,34.94580078125,35.97919845581055,34.66400146484375,35.79130172729492,805593.0
2013-04-09,30.719987869262695,34.851898193359375,35.41550064086914,34.75790023803711,34.94580078125,488770.0
2013-04-10,31.423824310302734,35.65039825439453,36.63669967651367,35.509498596191406,36.12009811401367,797453.0
2013-04-11,31.216777801513672,35.41550064086914,35.88520050048828,35.41550064086914,35.88520050048828,338790.0
2013-04-12,31.382404327392578,35.60340118408203,36.07310104370117,35.509498596191406,35.69729995727539,251761.0
2013-04-15,31.051151275634766,35.22760009765625,36.12009811401367,34.992801666259766,35.60340118408203,221877.0
2013-04-16,31.299631118774414,35.509498596191406,35.509498596191406,34.75790023803711,35.22760009765625,165346.0
2013-04-17,30.9683837890625,35.13370132446289,35.556400299072266,35.13370132446289,35.509498596191406,139946.0
2013-04-18,30.9683837890625,35.13370132446289,35.69729995727539,34.94580078125,35.22760009765625,163388.0
2013-04-19,31.051151275634766,35.22760009765625,35.509498596191406,35.13370132446289,35.22760009765625,109662.0
2013-04-22,30.844188690185547,34.992801666259766,35.88520050048828,34.992801666259766,35.88520050048828,131194.0
2013-04-23,30.76133918762207,34.898799896240234,35.13370132446289,34.75790023803711,35.039798736572266,117255.0
2013-04-24,30.92695426940918,35.086700439453125,35.60340118408203,34.898799896240234,34.898799896240234,302542.0
2013-04-25,31.299631118774414,35.509498596191406,35.65039825439453,35.086700439453125,35.086700439453125,288522.0
2013-04-26,31.216777801513672,35.41550064086914,35.60340118408203,35.18069839477539,35.509498596191406,148782.0
2013-04-29,31.465167999267578,35.69729995727539,36.63669967651367,35.60340118408203,35.838199615478516,424467.0
2013-04-30,31.299631118774414,35.509498596191406,35.97919845581055,35.274600982666016,35.97919845581055,113793.0
2013-05-02,31.465167999267578,35.69729995727539,36.16699981689453,35.509498596191406,35.509498596191406,177396.0
2013-05-03,31.796417236328125,36.07310104370117,36.07310104370117,35.274600982666016,35.88520050048828,204916.0
2013-05-06,31.672218322753906,35.93220138549805,36.35490036010742,35.79130172729492,36.12009811401367,149903.0
2013-05-07,31.506593704223633,35.744300842285156,36.44889831542969,35.69729995727539,35.69729995727539,197368.0
2013-05-08,31.713647842407227,35.97919845581055,36.12009811401367,35.79130172729492,35.97919845581055,138004.0
2013-05-09,31.63079071044922,35.88520050048828,36.07310104370117,35.838199615478516,36.026100158691406,134811.0
2013-05-10,31.879180908203125,36.16699981689453,36.44889831542969,35.88520050048828,35.88520050048828,149434.0
2013-05-13,31.465167999267578,35.69729995727539,36.44889831542969,35.69729995727539,36.44889831542969,95796.0
2013-05-14,31.713647842407227,35.97919845581055,36.07310104370117,35.69729995727539,35.69729995727539,248790.0
2013-05-15,31.796417236328125,36.07310104370117,36.54280090332031,35.97919845581055,36.12009811401367,397782.0
2013-05-16,32.04480743408203,36.35490036010742,36.54280090332031,35.97919845581055,36.16699981689453,248938.0
2013-05-17,32.127655029296875,36.44889831542969,37.01250076293945,36.2140007019043,36.35490036010742,382120.0
2013-05-20,33.121219635009766,37.57609939575195,38.65650177001953,37.10639953613281,37.10639953613281,1574365.0
2013-05-21,33.07988357543945,37.52920150756836,37.951900482177734,37.05950164794922,37.670101165771484,529709.0
2013-05-22,32.37605285644531,36.7307014465332,37.81100082397461,36.68370056152344,37.57609939575195,478143.0
2013-05-23,32.41739273071289,36.7775993347168,38.327701568603516,36.7775993347168,37.62310028076172,981892.0
2013-05-24,31.879180908203125,36.16699981689453,37.05950164794922,36.16699981689453,36.82460021972656,330110.0
2013-05-27,32.08623504638672,36.40190124511719,36.58980178833008,35.93220138549805,36.307899475097656,203343.0
2013-05-28,32.127655029296875,36.44889831542969,37.01250076293945,36.16699981689453,36.16699981689453,238226.0
2013-05-29,31.92061424255371,36.2140007019043,36.54280090332031,36.2140007019043,36.44889831542969,188479.0
2013-05-30,32.003379821777344,36.307899475097656,36.82460021972656,36.307899475097656,36.307899475097656,161451.0
2013-05-31,31.713647842407227,35.97919845581055,36.82460021972656,35.88520050048828,36.63669967651367,227543.0
2013-06-03,31.423824310302734,35.65039825439453,35.88520050048828,35.556400299072266,35.69729995727539,215362.0
2013-06-04,31.382404327392578,35.60340118408203,36.16699981689453,35.60340118408203,35.79130172729492,240844.0
2013-06-05,31.299631118774414,35.509498596191406,36.07310104370117,35.509498596191406,35.97919845581055,232063.0
2013-06-06,31.17534637451172,35.368499755859375,35.69729995727539,35.368499755859375,35.556400299072266,296071.0
2013-06-07,31.17534637451172,35.368499755859375,36.44889831542969,35.368499755859375,35.41550064086914,429847.0
2013-06-10,31.713647842407227,35.97919845581055,36.44889831542969,35.509498596191406,35.509498596191406,275886.0
2013-06-11,33.493900299072266,37.9989013671875,38.37459945678711,35.97919845581055,35.97919845581055,3091442.0
2013-06-13,35.60539627075195,40.39440155029297,40.62919998168945,38.327701568603516,38.515499114990234,7447462.0
2013-06-14,35.688167572021484,40.48830032348633,42.93080139160156,39.642799377441406,40.86410140991211,8778087.0
2013-06-17,37.220027923583984,42.226200103759766,42.74290084838867,40.48830032348633,40.67620086669922,4804321.0
2013-06-18,36.47476577758789,41.380699157714844,43.77619934082031,41.23979949951172,42.83679962158203,5865570.0
2013-06-19,35.77093505859375,40.58219909667969,42.64889907836914,39.97159957885742,41.42770004272461,3954994.0
2013-06-20,35.35691833496094,40.11249923706055,41.23979949951172,39.97159957885742,40.58219909667969,2174446.0
2013-06-21,34.36326217651367,38.985198974609375,39.642799377441406,37.763999938964844,39.59590148925781,2172693.0
2013-06-24,33.866485595703125,38.421600341796875,39.40800094604492,38.139801025390625,38.985198974609375,1151112.0
2013-06-25,32.29319381713867,36.63669967651367,38.891300201416016,36.16699981689453,38.421600341796875,1757885.0
2013-06-26,32.33462142944336,36.68370056152344,37.388301849365234,36.63669967651367,37.10639953613281,891392.0
2013-06-27,33.121219635009766,37.57609939575195,38.28070068359375,37.01250076293945,37.01250076293945,1035556.0
2013-06-28,31.63079071044922,35.88520050048828,38.327701568603516,35.274600982666016,38.327701568603516,1719136.0
2013-07-01,32.62444305419922,37.01250076293945,37.2943000793457,35.97919845581055,35.97919845581055,792428.0
2013-07-02,32.54167175292969,36.91859817504883,37.763999938964844,36.91859817504883,37.482200622558594,810329.0
2013-07-03,32.665870666503906,37.05950164794922,38.045799255371094,36.91859817504883,36.91859817504883,669935.0
2013-07-04,32.58301544189453,36.96549987792969,37.81100082397461,36.96549987792969,37.388301849365234,576259.0
2013-07-05,32.41739273071289,36.7775993347168,37.52920150756836,36.7307014465332,37.247398376464844,348794.0
2013-07-08,31.9620418548584,36.26100158691406,37.05950164794922,36.07310104370117,36.87160110473633,400031.0
2013-07-09,32.41739273071289,36.7775993347168,37.388301849365234,36.35490036010742,36.35490036010742,502317.0
2013-07-10,32.04480743408203,36.35490036010742,37.10639953613281,36.307899475097656,36.87160110473633,402489.0
2013-07-11,32.29319381713867,36.63669967651367,36.82460021972656,36.58980178833008,36.63669967651367,362775.0
2013-07-12,33.32827377319336,37.81100082397461,38.233699798583984,36.68370056152344,36.91859817504883,1093247.0
2013-07-15,33.65951919555664,38.186798095703125,38.797401428222656,37.763999938964844,37.81100082397461,1259001.0
2013-07-16,33.32827377319336,37.81100082397461,38.75040054321289,37.763999938964844,38.703399658203125,591312.0
2013-07-17,32.707210540771484,37.10639953613281,38.139801025390625,37.10639953613281,37.858001708984375,629604.0
2013-07-18,32.74863815307617,37.15340042114258,37.81100082397461,37.10639953613281,37.482200622558594,415409.0
2013-07-19,32.872833251953125,37.2943000793457,37.52920150756836,37.01250076293945,37.388301849365234,430327.0
2013-07-22,33.74229049682617,38.28070068359375,38.421600341796875,37.2943000793457,37.57609939575195,735704.0
2013-07-23,33.700862884521484,38.233699798583984,38.703399658203125,37.858001708984375,38.515499114990234,533396.0
2013-07-24,33.78371810913086,38.327701568603516,38.891300201416016,37.858001708984375,37.858001708984375,551106.0
2013-07-25,33.245506286621094,37.717098236083984,38.421600341796875,37.670101165771484,38.045799255371094,388970.0
2013-07-26,33.20408248901367,37.670101165771484,38.045799255371094,37.247398376464844,37.763999938964844,331904.0
2013-07-29,32.91426086425781,37.34130096435547,37.81100082397461,37.34130096435547,37.81100082397461,389277.0
2013-07-30,33.121219635009766,37.57609939575195,37.9989013671875,37.52920150756836,37.670101165771484,370554.0
2013-07-31,32.872833251953125,37.2943000793457,38.186798095703125,37.670101165771484,37.670101165771484,544112.0
2013-08-01,33.52217483520508,37.62310028076172,37.9989013671875,37.52920150756836,37.57609939575195,539172.0
2013-08-02,35.86577224731445,40.25339889526367,40.25339889526367,37.81100082397461,37.81100082397461,2798522.0
2013-08-05,36.409912109375,40.86410140991211,41.89739990234375,40.25339889526367,41.14590072631836,2681305.0
2013-08-06,36.32615280151367,40.77009963989258,41.286800384521484,39.97159957885742,40.86410140991211,843131.0
2013-08-07,35.1543083190918,39.454898834228516,41.23979949951172,39.454898834228516,40.11249923706055,1136842.0
2013-08-08,35.070640563964844,39.361000061035156,39.97159957885742,38.797401428222656,39.454898834228516,758111.0
2013-08-09,35.02876663208008,39.31399917602539,40.3474006652832,39.079200744628906,39.454898834228516,608001.0
2013-08-12,34.31730651855469,38.515499114990234,39.454898834228516,38.515499114990234,39.454898834228516,395430.0
2013-08-13,34.73580551147461,38.985198974609375,39.22010040283203,38.515499114990234,38.609500885009766,306319.0
2013-08-14,34.14997482299805,38.327701568603516,38.985198974609375,38.045799255371094,38.985198974609375,490381.0
2013-08-15,33.898799896240234,38.045799255371094,38.5625,37.90489959716797,38.045799255371094,277094.0
2013-08-16,34.108097076416016,38.28070068359375,38.46860122680664,37.670101165771484,37.670101165771484,220444.0
2013-08-19,33.81513595581055,37.951900482177734,38.515499114990234,37.763999938964844,38.045799255371094,328454.0
2013-08-20,33.77326583862305,37.90489959716797,38.421600341796875,37.81100082397461,37.858001708984375,230998.0
2013-08-22,36.116943359375,40.535301208496094,40.535301208496094,38.515499114990234,38.515499114990234,1153267.0
2013-08-23,36.20061492919922,40.62919998168945,41.756500244140625,40.535301208496094,41.23979949951172,3527741.0
2013-08-26,36.912078857421875,41.42770004272461,42.83679962158203,41.05189895629883,41.05189895629883,2571869.0
2013-08-27,35.57290267944336,39.92470169067383,41.756500244140625,39.92470169067383,41.6156005859375,1012243.0
2013-08-28,36.07506561279297,40.48830032348633,41.005001068115234,39.54890060424805,39.642799377441406,931885.0
2013-08-29,36.49357223510742,40.95800018310547,41.6156005859375,40.48830032348633,40.86410140991211,915118.0
2013-08-30,36.786529541015625,41.286800384521484,42.17919921875,40.67620086669922,41.14590072631836,1068616.0
2013-09-02,37.07949447631836,41.6156005859375,42.55500030517578,41.42770004272461,41.52159881591797,1295832.0
2013-09-03,36.57723617553711,41.05189895629883,42.27320098876953,40.77009963989258,41.850399017333984,946867.0
2013-09-04,35.99140930175781,40.39440155029297,41.14590072631836,40.25339889526367,40.86410140991211,458893.0
2013-09-05,36.57723617553711,41.05189895629883,41.23979949951172,40.39440155029297,40.39440155029297,512939.0
2013-09-06,37.3305778503418,41.89739990234375,42.226200103759766,40.67620086669922,40.67620086669922,1090488.0
2013-09-09,36.242488861083984,40.67620086669922,42.64889907836914,40.58219909667969,42.46099853515625,1047055.0
2013-09-10,35.65656661987305,40.01860046386719,41.14590072631836,40.01860046386719,40.72309875488281,531448.0
2013-09-11,36.07506561279297,40.48830032348633,40.67620086669922,39.54890060424805,39.92470169067383,372216.0
2013-09-12,36.409912109375,40.86410140991211,40.95800018310547,40.48830032348633,40.48830032348633,404642.0
2013-09-13,36.3680305480957,40.817100524902344,41.52159881591797,40.67620086669922,40.86410140991211,405558.0
2013-09-16,36.74465560913086,41.23979949951172,41.99129867553711,40.95800018310547,41.23979949951172,361523.0
2013-09-17,36.74465560913086,41.23979949951172,41.70949935913086,41.05189895629883,41.23979949951172,226036.0
2013-09-18,36.828407287597656,41.33380126953125,41.756500244140625,41.33380126953125,41.33380126953125,285632.0
2013-09-23,36.660987854003906,41.14590072631836,41.70949935913086,40.95800018310547,41.33380126953125,433103.0
2013-09-24,36.158729553222656,40.58219909667969,41.33380126953125,40.58219909667969,41.14590072631836,364764.0
2013-09-25,36.116943359375,40.535301208496094,41.14590072631836,40.39440155029297,40.58219909667969,570841.0
2013-09-26,38.62796401977539,43.35350036621094,43.35350036621094,40.95800018310547,41.33380126953125,2506948.0
2013-09-27,37.66541290283203,42.27320098876953,45.091400146484375,42.27320098876953,43.82320022583008,6781521.0
2013-09-30,37.49799728393555,42.08530044555664,42.74290084838867,41.6156005859375,41.89739990234375,912882.0
2013-10-01,37.07949447631836,41.6156005859375,42.64889907836914,41.6156005859375,42.27320098876953,662335.0
2013-10-02,36.61911392211914,41.098899841308594,42.08530044555664,41.05189895629883,41.80350112915039,836221.0
2013-10-03,37.12137222290039,41.662601470947266,42.17919921875,41.098899841308594,41.098899841308594,618800.0
2013-10-04,37.49799728393555,42.08530044555664,42.507999420166016,41.52159881591797,41.756500244140625,623162.0
2013-10-07,37.2886962890625,41.850399017333984,43.02470016479492,41.850399017333984,42.320098876953125,717618.0
2013-10-08,36.660987854003906,41.14590072631836,41.850399017333984,41.05189895629883,41.850399017333984,652580.0
2013-10-09,36.70277404785156,41.19279861450195,41.70949935913086,40.95800018310547,41.14590072631836,426198.0
2013-10-11,36.158729553222656,40.58219909667969,41.756500244140625,40.48830032348633,41.33380126953125,437377.0
2013-10-14,35.070640563964844,39.361000061035156,40.58219909667969,39.361000061035156,40.58219909667969,645712.0
2013-10-15,35.86577224731445,40.25339889526367,40.30039978027344,39.454898834228516,39.454898834228516,261975.0
2013-10-16,35.907649993896484,40.30039978027344,40.39440155029297,39.92470169067383,40.25339889526367,192148.0
2013-10-17,35.48915100097656,39.8306999206543,40.77009963989258,39.8306999206543,40.77009963989258,260963.0
2013-10-18,35.99140930175781,40.39440155029297,40.86410140991211,39.68980026245117,39.8306999206543,236709.0
2013-10-21,36.20061492919922,40.62919998168945,40.95800018310547,40.20650100708008,40.39440155029297,230627.0
2013-10-22,36.20061492919922,40.62919998168945,40.86410140991211,40.39440155029297,40.39440155029297,139451.0
2013-10-23,36.07506561279297,40.48830032348633,41.23979949951172,40.48830032348633,40.77009963989258,218946.0
2013-10-24,36.242488861083984,40.67620086669922,40.77009963989258,40.44129943847656,40.48830032348633,142407.0
2013-10-25,36.242488861083984,40.67620086669922,41.286800384521484,40.62919998168945,40.67620086669922,405937.0
2013-10-28,36.28427505493164,40.72309875488281,41.19279861450195,40.72309875488281,40.95800018310547,275906.0
2013-10-29,36.660987854003906,41.14590072631836,42.08530044555664,40.95800018310547,41.05189895629883,688415.0
2013-10-30,36.74465560913086,41.23979949951172,41.70949935913086,41.14590072631836,41.33380126953125,293186.0
2013-10-31,36.49357223510742,40.95800018310547,41.70949935913086,40.95800018310547,41.33380126953125,349431.0
2013-11-01,35.8239860534668,40.20650100708008,41.33380126953125,40.20650100708008,41.05189895629883,366969.0
2013-11-04,35.02876663208008,39.31399917602539,40.11249923706055,39.173099517822266,40.11249923706055,404968.0
2013-11-05,34.73580551147461,38.985198974609375,39.54890060424805,38.515499114990234,39.361000061035156,429247.0
2013-11-06,34.5684814453125,38.797401428222656,39.40800094604492,38.327701568603516,39.2671012878418,260591.0
2013-11-07,34.61026382446289,38.84429931640625,39.2671012878418,38.609500885009766,38.609500885009766,195620.0
2013-11-08,34.31730651855469,38.515499114990234,39.12620162963867,38.515499114990234,38.65650177001953,161995.0
2013-11-11,34.35918045043945,38.5625,38.93830108642578,38.515499114990234,38.515499114990234,153789.0
2013-11-12,34.442935943603516,38.65650177001953,39.079200744628906,38.37459945678711,38.5625,235875.0
2013-11-13,33.940677642822266,38.09280014038086,38.891300201416016,38.09280014038086,38.891300201416016,144606.0
2013-11-14,34.02442932128906,38.186798095703125,38.609500885009766,37.670101165771484,38.09280014038086,158611.0
2013-11-15,34.06621551513672,38.233699798583984,38.327701568603516,37.90489959716797,38.186798095703125,174481.0
2013-11-18,34.02442932128906,38.186798095703125,38.985198974609375,38.186798095703125,38.37459945678711,161805.0
2013-11-19,34.48472213745117,38.703399658203125,38.891300201416016,38.421600341796875,38.421600341796875,107866.0
2013-11-20,34.06621551513672,38.233699798583984,38.797401428222656,38.186798095703125,38.703399658203125,134235.0
2013-11-21,33.940677642822266,38.09280014038086,38.46860122680664,38.045799255371094,38.46860122680664,143436.0
2013-11-22,33.940677642822266,38.09280014038086,38.37459945678711,37.951900482177734,37.951900482177734,100063.0
2013-11-25,33.940677642822266,38.09280014038086,38.46860122680664,38.09280014038086,38.46860122680664,101462.0
2013-11-26,34.02442932128906,38.186798095703125,38.327701568603516,38.09280014038086,38.09280014038086,80858.0
2013-11-27,33.940677642822266,38.09280014038086,38.421600341796875,38.09280014038086,38.186798095703125,139279.0
2013-11-28,34.5684814453125,38.797401428222656,39.31399917602539,38.233699798583984,38.233699798583984,203895.0
2013-11-29,34.40106201171875,38.609500885009766,39.22010040283203,38.515499114990234,38.797401428222656,99549.0
2013-12-02,34.233642578125,38.421600341796875,38.93830108642578,38.421600341796875,38.609500885009766,80717.0
2013-12-03,34.40106201171875,38.609500885009766,38.797401428222656,38.421600341796875,38.609500885009766,74997.0
2013-12-04,33.98255920410156,38.139801025390625,38.609500885009766,38.09280014038086,38.609500885009766,112841.0
2013-12-05,34.233642578125,38.421600341796875,38.515499114990234,38.045799255371094,38.139801025390625,133665.0
2013-12-06,33.98255920410156,38.139801025390625,38.797401428222656,37.951900482177734,38.421600341796875,192354.0
2013-12-09,33.940677642822266,38.09280014038086,38.327701568603516,38.045799255371094,38.045799255371094,150099.0
2013-12-10,33.6477165222168,37.763999938964844,38.139801025390625,37.717098236083984,38.139801025390625,289978.0
2013-12-11,33.60592269897461,37.717098236083984,38.045799255371094,37.717098236083984,37.717098236083984,190909.0
2013-12-12,33.6477165222168,37.763999938964844,38.09280014038086,37.763999938964844,37.90489959716797,110144.0
2013-12-13,33.35475158691406,37.43519973754883,37.81100082397461,37.388301849365234,37.670101165771484,155702.0
2013-12-16,33.35475158691406,37.43519973754883,37.717098236083984,37.2943000793457,37.2943000793457,126113.0
2013-12-17,33.438514709472656,37.52920150756836,37.62310028076172,37.200401306152344,37.200401306152344,94741.0
2013-12-18,33.731475830078125,37.858001708984375,38.421600341796875,37.57609939575195,37.57609939575195,76971.0
2013-12-19,33.731475830078125,37.858001708984375,38.045799255371094,37.858001708984375,37.858001708984375,53602.0
2013-12-20,33.52217483520508,37.62310028076172,37.858001708984375,37.62310028076172,37.763999938964844,96408.0
2013-12-23,33.6477165222168,37.763999938964844,37.763999938964844,37.670101165771484,37.670101165771484,60923.0
2013-12-24,33.77326583862305,37.90489959716797,38.233699798583984,37.763999938964844,37.763999938964844,60649.0
2013-12-25,33.77326583862305,37.90489959716797,37.951900482177734,37.858001708984375,37.951900482177734,67425.0
2013-12-26,33.52217483520508,37.62310028076172,37.858001708984375,37.57609939575195,37.858001708984375,149498.0
2013-12-27,34.06621551513672,38.233699798583984,38.233699798583984,37.62310028076172,37.717098236083984,163230.0
2013-12-30,35.02876663208008,39.31399917602539,39.92470169067383,38.421600341796875,38.421600341796875,492428.0
2013-12-31,35.1543083190918,39.454898834228516,39.73680114746094,39.2671012878418,39.454898834228516,341346.0
2014-01-02,35.61468505859375,39.97159957885742,40.15950012207031,39.454898834228516,39.454898834228516,375187.0
2014-01-03,36.28427505493164,40.72309875488281,40.86410140991211,39.97159957885742,39.97159957885742,485448.0
2014-01-06,36.20061492919922,40.62919998168945,41.52159881591797,40.62919998168945,40.86410140991211,626854.0
2014-01-07,36.57723617553711,41.05189895629883,41.19279861450195,40.62919998168945,40.62919998168945,384095.0
2014-01-08,37.2886962890625,41.850399017333984,42.038299560546875,41.05189895629883,41.098899841308594,1451088.0
2014-01-09,36.61911392211914,41.098899841308594,42.414100646972656,40.77009963989258,41.99129867553711,857075.0
2014-01-10,37.07949447631836,41.6156005859375,41.80350112915039,41.098899841308594,41.098899841308594,502418.0
2014-01-13,36.74465560913086,41.23979949951172,42.08530044555664,41.14590072631836,41.6156005859375,428996.0
2014-01-14,36.786529541015625,41.286800384521484,41.80350112915039,41.23979949951172,41.70949935913086,428889.0
2014-01-15,36.912078857421875,41.42770004272461,41.70949935913086,41.286800384521484,41.33380126953125,250399.0
2014-01-16,36.49357223510742,40.95800018310547,41.80350112915039,40.86410140991211,41.70949935913086,188196.0
2014-01-17,36.409912109375,40.86410140991211,42.27320098876953,40.86410140991211,41.80350112915039,624061.0
2014-01-20,35.99140930175781,40.39440155029297,41.05189895629883,40.25339889526367,40.95800018310547,380628.0
2014-01-21,35.99140930175781,40.39440155029297,40.77009963989258,39.97159957885742,39.97159957885742,121355.0
2014-01-22,36.49357223510742,40.95800018310547,41.23979949951172,40.72309875488281,40.77009963989258,145129.0
2014-01-23,36.409912109375,40.86410140991211,41.33380126953125,40.39440155029297,41.14590072631836,118709.0
2014-01-24,36.03319549560547,40.44129943847656,41.14590072631836,40.39440155029297,40.86410140991211,164998.0
2014-01-27,35.907649993896484,40.30039978027344,40.72309875488281,40.11249923706055,40.20650100708008,132000.0
2014-02-05,36.07506561279297,40.48830032348633,40.95800018310547,40.30039978027344,40.95800018310547,169256.0
2014-02-06,36.61911392211914,41.098899841308594,41.14590072631836,40.67620086669922,40.72309875488281,134629.0
2014-02-07,36.49357223510742,40.95800018310547,41.474700927734375,40.95800018310547,41.33380126953125,289764.0
2014-02-10,36.828407287597656,41.33380126953125,41.6156005859375,41.14590072631836,41.14590072631836,112958.0
2014-02-11,37.3305778503418,41.89739990234375,42.55500030517578,41.23979949951172,41.52159881591797,584193.0
2014-02-12,37.12137222290039,41.662601470947266,42.8838005065918,41.662601470947266,42.27320098876953,536051.0
2014-02-13,37.2886962890625,41.850399017333984,42.27320098876953,41.662601470947266,41.662601470947266,279965.0
2014-02-14,37.24691390991211,41.80350112915039,42.74290084838867,41.80350112915039,41.850399017333984,616794.0
2014-02-17,37.2886962890625,41.850399017333984,42.46099853515625,41.850399017333984,42.27320098876953,258915.0
2014-02-18,38.251338958740234,42.93080139160156,43.54140090942383,42.17919921875,42.226200103759766,1019036.0
2014-02-19,38.334999084472656,43.02470016479492,43.68230056762695,42.55500030517578,43.21260070800781,989873.0
2014-02-20,38.37687683105469,43.07170104980469,43.68230056762695,43.02470016479492,43.21260070800781,773175.0
2014-02-21,41.0553092956543,46.07780075073242,46.07780075073242,43.21260070800781,43.21260070800781,4005099.0
2014-02-24,41.0553092956543,46.07780075073242,46.87620162963867,45.373199462890625,46.5004997253418,1461095.0
2014-02-25,43.189613342285156,48.473201751708984,48.473201751708984,46.07780075073242,46.07780075073242,2679109.0
2014-02-26,42.52002716064453,47.72169876098633,49.22480010986328,46.87620162963867,48.473201751708984,2478579.0
2014-02-27,43.52444839477539,48.8489990234375,48.8489990234375,47.25199890136719,47.43989944458008,2075534.0
2014-03-03,42.687442779541016,47.90959930419922,48.66109848022461,47.43989944458008,48.66109848022461,741071.0
2014-03-04,41.808563232421875,46.92319869995117,48.19139862060547,46.594398498535156,47.53379821777344,760768.0
2014-03-05,42.60377883911133,47.81570053100586,48.19139862060547,47.34590148925781,47.43989944458008,630373.0
2014-03-06,42.93852996826172,48.19139862060547,48.8489990234375,47.25199890136719,47.90959930419922,927216.0
2014-03-07,42.017860412597656,47.15810012817383,48.8489990234375,46.87620162963867,48.19139862060547,1138450.0
2014-03-10,42.26894760131836,47.43989944458008,47.72169876098633,46.124698638916016,46.594398498535156,455291.0
2014-03-11,42.26894760131836,47.43989944458008,47.90959930419922,47.25199890136719,47.90959930419922,396786.0
2014-03-12,42.687442779541016,47.90959930419922,48.09749984741211,47.43989944458008,47.43989944458008,356665.0
2014-03-13,43.52444839477539,48.8489990234375,49.78839874267578,48.37929916381836,48.56719970703125,1639253.0
2014-03-14,42.854862213134766,48.09749984741211,49.60049819946289,48.09749984741211,48.8489990234375,597072.0
2014-03-17,42.854862213134766,48.09749984741211,48.66109848022461,47.81570053100586,48.09749984741211,341253.0
2014-03-18,42.687442779541016,47.90959930419922,48.66109848022461,47.90959930419922,48.66109848022461,299593.0
2014-03-19,42.687442779541016,47.90959930419922,48.37929916381836,47.25199890136719,48.19139862060547,388311.0
2014-03-20,42.017860412597656,47.15810012817383,47.90959930419922,46.97019958496094,47.90959930419922,397593.0
2014-03-21,41.013431549072266,46.030799865722656,47.53379821777344,45.51409912109375,47.15810012817383,751573.0
2014-03-24,40.594932556152344,45.561100006103516,45.7958984375,44.715599060058594,45.561100006103516,691053.0
2014-03-25,41.43193817138672,46.5004997253418,46.92319869995117,45.279300689697266,45.279300689697266,343681.0
2014-03-26,41.515602111816406,46.594398498535156,46.87620162963867,46.26559829711914,46.594398498535156,192382.0
2014-03-27,41.47381591796875,46.54750061035156,46.92319869995117,46.54750061035156,46.82929992675781,172370.0
2014-03-28,41.2226448059082,46.26559829711914,47.25199890136719,46.124698638916016,46.5004997253418,351100.0
2014-03-31,41.43193817138672,46.5004997253418,46.92319869995117,45.842899322509766,45.842899322509766,177069.0
2014-04-01,42.101524353027344,47.25199890136719,47.34590148925781,46.594398498535156,46.594398498535156,271756.0
2014-04-02,44.94738006591797,50.44599914550781,50.53990173339844,47.43989944458008,47.43989944458008,3390541.0
2014-04-03,44.61254119873047,50.0702018737793,51.29140090942383,49.78839874267578,50.16419982910156,1829166.0
2014-04-07,44.863624572753906,50.35200119018555,51.1974983215332,50.0702018737793,50.6338996887207,848799.0
2014-04-08,46.45397186279297,52.13690185546875,52.982398986816406,50.25809860229492,51.1974983215332,1757126.0
2014-04-09,47.45839309692383,53.264198303222656,53.264198303222656,51.667198181152344,51.94900131225586,1063541.0
2014-04-10,46.872474670410156,52.60660171508789,53.54600143432617,52.23080062866211,53.264198303222656,1110859.0
2014-04-11,45.86804962158203,51.47930145263672,52.324798583984375,49.03689956665039,52.324798583984375,1149030.0
2014-04-14,44.77995681762695,50.25809860229492,51.855098724365234,49.78839874267578,51.573299407958984,472387.0
2014-04-15,45.19845962524414,50.72779846191406,51.1974983215332,50.25809860229492,50.25809860229492,192320.0
2014-04-16,44.69629669189453,50.16419982910156,50.91569900512695,49.97629928588867,50.82170104980469,143485.0
2014-04-17,45.449546813964844,51.00960159301758,51.667198181152344,50.91569900512695,50.91569900512695,431323.0
2014-04-18,44.27779006958008,49.69449996948242,51.385398864746094,49.31869888305664,51.385398864746094,410206.0
2014-04-21,42.77111053466797,48.003501892089844,48.8489990234375,46.97019958496094,48.66109848022461,1205611.0
2014-04-22,42.77111053466797,48.003501892089844,48.8489990234375,47.81570053100586,48.285400390625,342212.0
2014-04-23,43.02228546142578,48.285400390625,48.8489990234375,47.90959930419922,48.37929916381836,558967.0
2014-04-24,43.357032775878906,48.66109848022461,49.22480010986328,47.90959930419922,48.285400390625,454202.0
2014-04-25,41.68302536010742,46.78229904174805,49.13079833984375,46.78229904174805,49.03689956665039,646623.0
2014-04-28,40.594932556152344,45.561100006103516,46.78229904174805,45.561100006103516,46.78229904174805,738671.0
2014-04-29,41.43193817138672,46.5004997253418,46.68840026855469,45.842899322509766,46.5004997253418,526078.0
2014-04-30,41.013431549072266,46.030799865722656,46.73529815673828,45.561100006103516,46.5004997253418,322884.0
2014-05-02,41.68302536010742,46.78229904174805,46.78229904174805,46.07780075073242,46.5004997253418,265302.0
2014-05-05,41.515602111816406,46.594398498535156,47.34590148925781,46.594398498535156,47.0640983581543,178206.0
2014-05-06,42.77111053466797,48.003501892089844,48.09749984741211,46.21870040893555,46.21870040893555,428815.0
2014-05-07,42.93852996826172,48.19139862060547,48.66109848022461,47.72169876098633,47.72169876098633,247628.0
2014-05-08,43.189613342285156,48.473201751708984,49.03689956665039,47.90959930419922,48.19139862060547,405938.0
2014-05-09,42.60377883911133,47.81570053100586,48.66109848022461,47.43989944458008,48.66109848022461,244355.0
2014-05-12,41.68302536010742,46.78229904174805,47.90959930419922,46.594398498535156,47.81570053100586,279196.0
2014-05-13,41.5993537902832,46.68840026855469,47.53379821777344,46.030799865722656,46.78229904174805,218224.0
2014-05-14,41.43193817138672,46.5004997253418,47.15810012817383,46.26559829711914,46.68840026855469,122379.0
2014-05-15,41.850440979003906,46.97019958496094,47.53379821777344,46.5004997253418,47.53379821777344,123009.0
2014-05-16,43.357032775878906,48.66109848022461,48.8489990234375,46.78229904174805,46.78229904174805,291122.0
2014-05-19,42.687442779541016,47.90959930419922,48.8489990234375,47.90959930419922,48.66109848022461,222588.0
2014-05-20,42.35260772705078,47.53379821777344,48.37929916381836,47.53379821777344,48.37929916381836,137997.0
2014-05-21,41.93410110473633,47.0640983581543,47.62779998779297,47.0640983581543,47.43989944458008,88735.0
2014-05-22,42.687442779541016,47.90959930419922,48.003501892089844,47.43989944458008,47.53379821777344,84123.0
2014-05-23,43.85928726196289,49.22480010986328,49.22480010986328,47.72169876098633,48.19139862060547,342549.0
2014-05-26,44.69629669189453,50.16419982910156,50.16419982910156,49.13079833984375,49.22480010986328,617638.0
2014-05-27,45.533302307128906,51.103599548339844,51.29140090942383,50.25809860229492,50.25809860229492,890088.0
2014-05-28,44.77995681762695,50.25809860229492,51.667198181152344,50.25809860229492,51.29140090942383,491234.0
2014-05-29,44.27779006958008,49.69449996948242,50.72779846191406,49.31869888305664,50.44599914550781,282214.0
2014-05-30,44.110374450683594,49.50659942626953,49.78839874267578,49.13079833984375,49.69449996948242,245156.0
2014-06-03,43.77552795410156,49.13079833984375,50.0702018737793,49.13079833984375,49.78839874267578,156695.0
2014-06-04,43.60811233520508,48.942901611328125,49.50659942626953,48.8489990234375,49.50659942626953,175644.0
2014-06-05,42.77111053466797,48.003501892089844,49.13079833984375,47.81570053100586,48.942901611328125,472174.0
2014-06-06,42.60377883911133,47.81570053100586,48.473201751708984,47.43989944458008,48.19139862060547,294975.0
2014-06-09,43.10594940185547,48.37929916381836,48.66109848022461,47.81570053100586,47.81570053100586,140995.0
2014-06-10,43.10594940185547,48.37929916381836,49.03689956665039,48.37929916381836,48.37929916381836,199805.0
2014-06-11,43.85928726196289,49.22480010986328,49.60049819946289,48.473201751708984,48.473201751708984,442033.0
2014-06-12,43.27336502075195,48.56719970703125,49.22480010986328,48.473201751708984,49.22480010986328,187900.0
2014-06-13,43.52444839477539,48.8489990234375,49.13079833984375,48.473201751708984,48.56719970703125,226518.0
2014-06-16,43.85928726196289,49.22480010986328,49.78839874267578,49.22480010986328,49.31869888305664,531669.0
2014-06-17,43.27336502075195,48.56719970703125,49.78839874267578,48.56719970703125,49.50659942626953,227544.0
2014-06-18,42.35260772705078,47.53379821777344,48.66109848022461,47.34590148925781,48.66109848022461,787814.0
2014-06-19,42.687442779541016,47.90959930419922,48.003501892089844,47.53379821777344,47.53379821777344,209867.0
2014-06-20,42.35260772705078,47.53379821777344,48.19139862060547,47.43989944458008,47.53379821777344,245114.0
2014-06-23,42.26894760131836,47.43989944458008,48.37929916381836,47.43989944458008,47.72169876098633,380992.0
2014-06-24,41.68302536010742,46.78229904174805,47.53379821777344,46.68840026855469,47.43989944458008,290929.0
2014-06-25,41.76668930053711,46.87620162963867,47.0640983581543,46.40650177001953,46.97019958496094,265062.0
2014-06-26,42.26894760131836,47.43989944458008,47.43989944458008,46.87620162963867,46.87620162963867,176863.0
2014-06-27,41.72489929199219,46.82929992675781,47.43989944458008,46.78229904174805,47.34590148925781,161912.0
2014-06-30,42.26894760131836,47.43989944458008,48.285400390625,46.97019958496094,46.97019958496094,364061.0
2014-07-01,42.52002716064453,47.72169876098633,49.03689956665039,47.72169876098633,47.90959930419922,621002.0
2014-07-02,45.449546813964844,51.00960159301758,51.00960159301758,48.37929916381836,48.8489990234375,4276485.0
2014-07-03,48.630149841308594,54.57929992675781,54.57929992675781,51.94900131225586,51.94900131225586,7686039.0
2014-07-04,49.71832275390625,55.80059814453125,56.176300048828125,53.63990020751953,55.518798828125,6370518.0
2014-07-07,50.38791275024414,56.552101135253906,59.55820083618164,55.894500732421875,58.05509948730469,5831641.0
2014-07-08,49.048648834228516,55.04899978637695,57.20970153808594,54.48540115356445,57.20970153808594,2962643.0
2014-07-09,48.96498489379883,54.955101013183594,56.270301818847656,54.48540115356445,55.04899978637695,2813866.0
2014-07-10,48.96498489379883,54.955101013183594,57.49150085449219,54.955101013183594,55.518798828125,3752717.0
2014-07-11,45.61696243286133,51.1974983215332,54.955101013183594,51.1974983215332,54.955101013183594,3775881.0
2014-07-14,46.11913299560547,51.76110076904297,52.324798583984375,51.1974983215332,51.385398864746094,776186.0
2014-07-15,46.28655242919922,51.94900131225586,52.982398986816406,51.76110076904297,52.23080062866211,824166.0
2014-07-16,45.282127380371094,50.82170104980469,51.667198181152344,49.412601470947266,51.667198181152344,882583.0
2014-07-17,44.94738006591797,50.44599914550781,52.042999267578125,49.97629928588867,50.82170104980469,745371.0
2014-07-18,46.872474670410156,52.60660171508789,52.982398986816406,49.882301330566406,50.25809860229492,1114740.0
2014-07-21,46.872474670410156,52.60660171508789,53.7338981628418,52.418701171875,53.45209884643555,1006279.0
2014-07-22,46.28655242919922,51.94900131225586,53.07630157470703,51.94900131225586,52.982398986816406,407398.0
2014-07-23,46.28655242919922,51.94900131225586,51.94900131225586,51.94900131225586,51.94900131225586,0.0
2014-07-24,45.86804962158203,51.47930145263672,52.512699127197266,51.385398864746094,52.512699127197266,492542.0
2014-07-25,45.449546813964844,51.00960159301758,51.667198181152344,50.53990173339844,51.47930145263672,694700.0
2014-07-28,44.44512176513672,49.882301330566406,51.103599548339844,49.882301330566406,51.00960159301758,818293.0
2014-07-29,44.42475509643555,49.412601470947266,50.25809860229492,48.8489990234375,49.69449996948242,718690.0
2014-07-30,44.42475509643555,49.412601470947266,49.412601470947266,48.66109848022461,48.942901611328125,491302.0
2014-07-31,45.10048294067383,50.16419982910156,50.53990173339844,49.412601470947266,50.25809860229492,461242.0
2014-08-01,45.269325256347656,50.35200119018555,50.82170104980469,49.412601470947266,49.412601470947266,504126.0
2014-08-04,45.015968322753906,50.0702018737793,50.82170104980469,50.0702018737793,50.53990173339844,332118.0
2014-08-05,45.015968322753906,50.0702018737793,50.53990173339844,49.69449996948242,49.882301330566406,360489.0
2014-08-06,43.6646842956543,48.56719970703125,50.25809860229492,47.15810012817383,50.16419982910156,663491.0
2014-08-07,42.904537200927734,47.72169876098633,48.37929916381836,47.53379821777344,47.72169876098633,305566.0
2014-08-08,43.495750427246094,48.37929916381836,49.13079833984375,47.43989944458008,47.43989944458008,290740.0
2014-08-11,43.8336181640625,48.75510025024414,49.03689956665039,48.37929916381836,48.75510025024414,274015.0
2014-08-12,43.24239730834961,48.09749984741211,48.75510025024414,47.90959930419922,48.75510025024414,138684.0
2014-08-13,43.41133117675781,48.285400390625,48.8489990234375,48.19139862060547,48.75510025024414,131064.0
2014-08-14,42.904537200927734,47.72169876098633,48.75510025024414,46.07780075073242,48.285400390625,511230.0
2014-08-15,42.56666946411133,47.34590148925781,47.43989944458008,46.68840026855469,47.15810012817383,348104.0
2014-08-18,41.384315490722656,46.030799865722656,47.25199890136719,45.185298919677734,47.25199890136719,528212.0
2014-08-19,42.397823333740234,47.15810012817383,47.15810012817383,46.21870040893555,46.21870040893555,251662.0
2014-08-20,41.891029357910156,46.594398498535156,47.72169876098633,46.35960006713867,47.72169876098633,247106.0
2014-08-21,41.553253173828125,46.21870040893555,46.78229904174805,45.42020034790039,46.68840026855469,298926.0
2014-08-22,42.48224639892578,47.25199890136719,48.19139862060547,46.21870040893555,46.21870040893555,423115.0
2014-08-25,42.14438247680664,46.87620162963867,47.43989944458008,46.73529815673828,46.97019958496094,227804.0
2014-08-26,42.31331253051758,47.0640983581543,47.53379821777344,46.78229904174805,47.15810012817383,158612.0
2014-08-27,42.651180267333984,47.43989944458008,47.72169876098633,47.0640983581543,47.0640983581543,206520.0
2014-08-28,42.48224639892578,47.25199890136719,47.62779998779297,47.25199890136719,47.25199890136719,85413.0
2014-08-29,42.82011032104492,47.62779998779297,47.81570053100586,47.25199890136719,47.72169876098633,88354.0
2014-09-01,42.651180267333984,47.43989944458008,48.003501892089844,47.43989944458008,47.90959930419922,172872.0
2014-09-02,42.48224639892578,47.25199890136719,47.25199890136719,46.594398498535156,47.25199890136719,213142.0
2014-09-03,42.05996322631836,46.78229904174805,46.97019958496094,46.594398498535156,46.97019958496094,112838.0
2014-09-04,41.891029357910156,46.594398498535156,47.25199890136719,46.030799865722656,46.030799865722656,141579.0
2014-09-05,42.2288932800293,46.97019958496094,46.97019958496094,46.35960006713867,46.594398498535156,102192.0
2014-09-09,42.31331253051758,47.0640983581543,47.15810012817383,46.92319869995117,46.97019958496094,86523.0
2014-09-10,42.10221481323242,46.82929992675781,47.0640983581543,46.124698638916016,46.87620162963867,44709.0
2014-09-11,41.637672424316406,46.312599182128906,46.97019958496094,46.21870040893555,46.45349884033203,163935.0
2014-09-12,41.384315490722656,46.030799865722656,46.68840026855469,46.030799865722656,46.68840026855469,93783.0
2014-09-15,41.4687385559082,46.124698638916016,46.5004997253418,45.842899322509766,45.842899322509766,78806.0
2014-09-16,41.59541320800781,46.26559829711914,46.312599182128906,45.936798095703125,46.124698638916016,114031.0
2014-09-17,41.384315490722656,46.030799865722656,46.68840026855469,45.936798095703125,46.594398498535156,69196.0
2014-09-18,41.17313003540039,45.7958984375,46.17169952392578,45.561100006103516,46.030799865722656,109432.0
2014-09-19,41.84886169433594,46.54750061035156,47.15810012817383,46.07780075073242,46.07780075073242,95926.0
2014-09-22,42.651180267333984,47.43989944458008,47.43989944458008,46.312599182128906,46.54750061035156,163935.0
2014-09-23,42.651180267333984,47.43989944458008,47.43989944458008,46.5004997253418,47.43989944458008,83031.0
2014-09-24,42.2288932800293,46.97019958496094,47.43989944458008,46.87620162963867,47.43989944458008,40458.0
2014-09-25,41.4687385559082,46.124698638916016,46.97019958496094,46.030799865722656,46.78229904174805,90491.0
2014-09-26,41.25764083862305,45.88990020751953,46.45349884033203,45.654998779296875,45.654998779296875,68134.0
2014-09-29,41.51099395751953,46.17169952392578,46.45349884033203,46.030799865722656,46.45349884033203,51457.0
2014-09-30,41.25764083862305,45.88990020751953,46.17169952392578,45.561100006103516,46.17169952392578,61742.0
2014-10-01,41.384315490722656,46.030799865722656,46.97019958496094,45.936798095703125,45.936798095703125,85163.0
2014-10-02,41.4687385559082,46.124698638916016,46.35960006713867,46.030799865722656,46.030799865722656,35129.0
2014-10-03,41.4687385559082,46.124698638916016,46.5004997253418,46.07780075073242,46.21870040893555,57486.0
2014-10-06,42.10221481323242,46.82929992675781,47.25199890136719,46.17169952392578,46.17169952392578,151163.0
2014-10-07,42.017704010009766,46.73529815673828,46.97019958496094,46.54750061035156,46.82929992675781,63167.0
2014-10-08,42.14438247680664,46.87620162963867,46.87620162963867,45.842899322509766,46.68840026855469,100223.0
2014-10-09,41.17313003540039,45.7958984375,46.78229904174805,45.654998779296875,46.594398498535156,106823.0
2014-10-13,40.03294372558594,44.5276985168457,45.70199966430664,43.21260070800781,45.185298919677734,284737.0
2014-10-14,39.948524475097656,44.433799743652344,44.715599060058594,44.05799865722656,44.5276985168457,74636.0
2014-10-15,39.272884368896484,43.68230056762695,44.76259994506836,43.21260070800781,44.76259994506836,119344.0
2014-10-16,38.00602340698242,42.27320098876953,43.21260070800781,41.944400787353516,42.74290084838867,300493.0
2014-10-17,37.83708953857422,42.08530044555664,42.74290084838867,40.95800018310547,42.74290084838867,137726.0
2014-10-20,37.62589645385742,41.850399017333984,42.507999420166016,41.33380126953125,42.507999420166016,116036.0
2014-10-21,37.794830322265625,42.038299560546875,42.038299560546875,41.52159881591797,41.850399017333984,51337.0
2014-10-22,37.16144943237305,41.33380126953125,42.83679962158203,41.005001068115234,42.36709976196289,134128.0
2014-10-23,37.24586868286133,41.42770004272461,41.6156005859375,40.86410140991211,41.33380126953125,90936.0
2014-10-24,36.86583709716797,41.005001068115234,41.52159881591797,41.005001068115234,41.52159881591797,63870.0
2014-10-27,34.41653823852539,38.28070068359375,41.33380126953125,38.28070068359375,41.33380126953125,245409.0
2014-10-28,35.55672073364258,39.54890060424805,39.92470169067383,38.28070068359375,38.28070068359375,246369.0
2014-10-29,36.86583709716797,41.005001068115234,41.14590072631836,39.73680114746094,39.78369903564453,204917.0
2014-10-30,36.485713958740234,40.58219909667969,41.005001068115234,40.44129943847656,41.005001068115234,67065.0
2014-10-31,36.485713958740234,40.58219909667969,40.67620086669922,39.92470169067383,40.67620086669922,137321.0
2014-11-03,36.65464782714844,40.77009963989258,40.817100524902344,39.87770080566406,40.58219909667969,136274.0
2014-11-04,36.316871643066406,40.39440155029297,40.817100524902344,40.39440155029297,40.817100524902344,59614.0
2014-11-05,35.894588470458984,39.92470169067383,40.535301208496094,39.87770080566406,40.39440155029297,69193.0
2014-11-06,35.64113998413086,39.642799377441406,39.97159957885742,39.454898834228516,39.97159957885742,104322.0
2014-11-07,35.9367561340332,39.97159957885742,39.97159957885742,39.642799377441406,39.642799377441406,74536.0
2014-11-10,36.52796936035156,40.62919998168945,40.86410140991211,40.01860046386719,40.01860046386719,84097.0
2014-11-11,36.950260162353516,41.098899841308594,41.42770004272461,40.817100524902344,40.95800018310547,124547.0
2014-11-12,37.11919021606445,41.286800384521484,41.6156005859375,40.72309875488281,41.23979949951172,105432.0
2014-11-13,37.16144943237305,41.33380126953125,41.33380126953125,41.098899841308594,41.286800384521484,17592.0
2014-11-14,36.86583709716797,41.005001068115234,41.33380126953125,41.005001068115234,41.33380126953125,63873.0
2014-11-17,35.81007766723633,39.8306999206543,41.14590072631836,39.454898834228516,41.14590072631836,58917.0
2014-11-18,35.4300422668457,39.40800094604492,39.97159957885742,39.12620162963867,39.97159957885742,47918.0
2014-11-19,35.4300422668457,39.40800094604492,39.40800094604492,38.985198974609375,39.40800094604492,78272.0
2014-11-20,35.894588470458984,39.92470169067383,40.01860046386719,39.40800094604492,39.40800094604492,47909.0
2014-11-21,35.72565460205078,39.73680114746094,39.92470169067383,39.454898834228516,39.92470169067383,41656.0
2014-11-24,36.82358169555664,40.95800018310547,41.33380126953125,40.39440155029297,40.39440155029297,166063.0
2014-11-25,36.78132629394531,40.9109992980957,41.23979949951172,40.48830032348633,41.23979949951172,46839.0
2014-11-26,36.40129089355469,40.48830032348633,41.005001068115234,40.48830032348633,40.48830032348633,51098.0
2014-11-27,36.316871643066406,40.39440155029297,40.72309875488281,40.39440155029297,40.67620086669922,21290.0
2014-11-28,36.485713958740234,40.58219909667969,40.77009963989258,40.39440155029297,40.39440155029297,29807.0
2014-12-01,35.81007766723633,39.8306999206543,40.01860046386719,38.045799255371094,38.045799255371094,172811.0
2014-12-02,37.03467559814453,41.19279861450195,41.19279861450195,41.19279861450195,41.19279861450195,573377.0
2014-12-03,37.414798736572266,41.6156005859375,41.6156005859375,41.6156005859375,41.6156005859375,431452.0
2014-12-04,37.62589645385742,41.850399017333984,41.850399017333984,41.850399017333984,41.850399017333984,400929.0
2014-12-05,37.37254333496094,41.568599700927734,42.08530044555664,41.33380126953125,41.80350112915039,86248.0
2014-12-08,39.18836975097656,43.58829879760742,43.58829879760742,41.568599700927734,41.568599700927734,503511.0
2014-12-09,38.34379577636719,42.64889907836914,43.49440002441406,42.46099853515625,43.49440002441406,188420.0
2014-12-10,37.7525749206543,41.99129867553711,42.977699279785156,41.99129867553711,42.64889907836914,83202.0
2014-12-11,37.414798736572266,41.6156005859375,42.17919921875,41.05189895629883,41.05189895629883,100066.0
2014-12-12,37.921504974365234,42.17919921875,42.55500030517578,41.6156005859375,41.6156005859375,127861.0
2014-12-15,37.7525749206543,41.99129867553711,42.320098876953125,41.6156005859375,42.17919921875,77716.0
2014-12-16,37.54147720336914,41.756500244140625,42.36709976196289,41.756500244140625,42.17919921875,246008.0
2014-12-17,37.076934814453125,41.23979949951172,42.226200103759766,41.23979949951172,42.226200103759766,123493.0
2014-12-18,36.90800094604492,41.05189895629883,41.6156005859375,41.005001068115234,41.33380126953125,91867.0
2014-12-19,36.316871643066406,40.39440155029297,41.52159881591797,40.20650100708008,41.42770004272461,209713.0
2014-12-22,36.61239242553711,40.72309875488281,41.098899841308594,40.67620086669922,41.05189895629883,40461.0
2014-12-23,36.485713958740234,40.58219909667969,41.14590072631836,40.44129943847656,40.72309875488281,67200.0
2014-12-24,36.57022476196289,40.67620086669922,40.67620086669922,40.01860046386719,40.58219909667969,142703.0
2014-12-25,36.316871643066406,40.39440155029297,40.86410140991211,40.39440155029297,40.48830032348633,89429.0
2014-12-26,36.40129089355469,40.48830032348633,40.817100524902344,40.39440155029297,40.39440155029297,135199.0
2014-12-29,37.20361328125,41.380699157714844,41.568599700927734,41.14590072631836,41.14590072631836,85268.0
2014-12-30,38.93501281738281,43.30649948120117,43.9640998840332,41.380699157714844,41.380699157714844,668096.0
2014-12-31,38.89276123046875,43.259498596191406,43.68230056762695,42.83679962158203,43.68230056762695,131031.0
2015-01-05,38.34379577636719,42.64889907836914,43.259498596191406,42.46099853515625,43.259498596191406,133170.0
2015-01-06,37.49922180175781,41.70949935913086,42.60200119018555,41.6156005859375,42.36709976196289,134131.0
2015-01-07,37.7525749206543,41.99129867553711,42.27320098876953,41.52159881591797,41.80350112915039,141693.0
2015-01-08,37.58373260498047,41.80350112915039,42.17919921875,41.70949935913086,41.89739990234375,89427.0
2015-01-09,37.16144943237305,41.33380126953125,41.80350112915039,41.14590072631836,41.14590072631836,155418.0
2015-01-12,37.71040725708008,41.944400787353516,42.27320098876953,41.80350112915039,41.89739990234375,157908.0
2015-01-13,38.51272964477539,42.83679962158203,42.83679962158203,41.99129867553711,42.08530044555664,313111.0
2015-01-14,41.17313003540039,45.7958984375,45.7958984375,42.60200119018555,43.11859893798828,1285009.0
2015-01-15,40.37080764770508,44.903499603271484,45.749000549316406,44.621700286865234,44.997398376464844,643361.0
2015-01-16,39.69517135620117,44.152000427246094,44.997398376464844,44.10499954223633,44.24589920043945,455386.0
2015-01-19,41.046451568603516,45.654998779296875,46.5004997253418,44.57469940185547,44.57469940185547,907079.0
2015-01-20,41.046451568603516,45.654998779296875,45.7958984375,45.279300689697266,45.654998779296875,281588.0
2015-01-21,41.046451568603516,45.654998779296875,45.842899322509766,45.42020034790039,45.60810089111328,154898.0
2015-01-22,41.4687385559082,46.124698638916016,47.15810012817383,45.561100006103516,45.654998779296875,466262.0
2015-01-23,41.13096618652344,45.749000549316406,46.68840026855469,45.654998779296875,46.594398498535156,454058.0
2015-01-26,41.384315490722656,46.030799865722656,46.312599182128906,45.70199966430664,45.749000549316406,326061.0
2015-01-27,41.891029357910156,46.594398498535156,46.87620162963867,46.030799865722656,46.030799865722656,225787.0
2015-01-28,41.637672424316406,46.312599182128906,46.594398498535156,46.17169952392578,46.312599182128906,144794.0
2015-01-29,41.553253173828125,46.21870040893555,46.54750061035156,46.17169952392578,46.312599182128906,126685.0
2015-01-30,41.384315490722656,46.030799865722656,46.5004997253418,45.936798095703125,46.21870040893555,120928.0
2015-02-02,41.553253173828125,46.21870040893555,46.40650177001953,46.124698638916016,46.40650177001953,95808.0
2015-02-03,41.2998046875,45.936798095703125,46.21870040893555,45.749000549316406,46.21870040893555,89539.0
2015-02-04,41.76435089111328,46.45349884033203,46.68840026855469,46.07780075073242,46.21870040893555,163350.0
2015-02-05,41.76435089111328,46.45349884033203,46.45349884033203,46.17169952392578,46.45349884033203,89539.0
2015-02-06,41.25764083862305,45.88990020751953,46.40650177001953,45.7958984375,45.842899322509766,71332.0
2015-02-09,41.97554016113281,46.68840026855469,47.43989944458008,46.030799865722656,46.030799865722656,223762.0
2015-02-10,41.4687385559082,46.124698638916016,46.68840026855469,46.030799865722656,46.68840026855469,47049.0
2015-02-11,41.2998046875,45.936798095703125,46.87620162963867,45.936798095703125,46.21870040893555,231038.0
2015-02-12,41.51099395751953,46.17169952392578,46.68840026855469,46.030799865722656,46.030799865722656,121695.0
2015-02-13,41.553253173828125,46.21870040893555,46.312599182128906,46.124698638916016,46.312599182128906,162137.0
2015-02-24,41.72209548950195,46.40650177001953,46.78229904174805,46.35960006713867,46.78229904174805,113403.0
2015-02-25,44.25590515136719,49.22480010986328,49.60049819946289,46.312599182128906,46.68840026855469,969840.0
2015-02-26,44.25590515136719,49.22480010986328,50.16419982910156,48.8489990234375,49.412601470947266,591486.0
2015-03-02,44.42475509643555,49.412601470947266,49.50659942626953,48.473201751708984,49.412601470947266,488858.0
2015-03-03,44.59368133544922,49.60049819946289,49.97629928588867,48.473201751708984,48.473201751708984,351607.0
2015-03-04,44.93154525756836,49.97629928588867,50.53990173339844,49.22480010986328,49.60049819946289,534072.0
2015-03-05,44.93154525756836,49.97629928588867,50.25809860229492,49.31869888305664,49.97629928588867,387485.0
2015-03-06,44.678192138671875,49.69449996948242,50.44599914550781,49.22480010986328,50.35200119018555,362145.0
2015-03-09,44.25590515136719,49.22480010986328,49.882301330566406,48.942901611328125,49.50659942626953,195976.0
2015-03-10,44.25590515136719,49.22480010986328,50.0702018737793,49.22480010986328,49.22480010986328,280245.0
2015-03-11,44.1713981628418,49.13079833984375,49.50659942626953,48.942901611328125,49.22480010986328,235496.0
2015-03-12,43.91803741455078,48.8489990234375,49.22480010986328,48.66109848022461,49.22480010986328,212184.0
2015-03-13,44.1713981628418,49.13079833984375,49.882301330566406,48.942901611328125,48.942901611328125,310121.0
2015-03-16,44.1713981628418,49.13079833984375,49.13079833984375,49.13079833984375,49.13079833984375,0.0
2015-03-17,43.749107360839844,48.66109848022461,49.31869888305664,48.66109848022461,49.22480010986328,261610.0
2015-03-18,44.00246047973633,48.942901611328125,49.412601470947266,48.75510025024414,48.8489990234375,187743.0
2015-03-19,43.91803741455078,48.8489990234375,49.03689956665039,48.66109848022461,49.03689956665039,129168.0
2015-03-20,44.1713981628418,49.13079833984375,49.22480010986328,48.19139862060547,48.8489990234375,562555.0
2015-03-23,44.42475509643555,49.412601470947266,50.72779846191406,49.412601470947266,49.60049819946289,529087.0
2015-03-24,46.874053955078125,52.13690185546875,52.418701171875,49.78839874267578,49.97629928588867,2025268.0
2015-03-25,46.958473205566406,52.23080062866211,54.2036018371582,52.23080062866211,53.92179870605469,3085256.0
2015-03-26,46.45176315307617,51.667198181152344,52.418701171875,50.72779846191406,50.72779846191406,875744.0
2015-03-27,44.762611389160156,49.78839874267578,52.13690185546875,49.69449996948242,51.667198181152344,1222311.0
2015-03-30,43.749107360839844,48.66109848022461,50.53990173339844,47.90959930419922,49.882301330566406,739038.0
2015-03-31,43.91803741455078,48.8489990234375,49.03689956665039,48.56719970703125,48.8489990234375,329077.0
2015-04-01,42.989044189453125,47.81570053100586,48.8489990234375,47.43989944458008,48.66109848022461,432306.0
2015-04-02,43.495750427246094,48.37929916381836,48.8489990234375,47.81570053100586,47.81570053100586,306979.0
2015-04-07,43.580177307128906,48.473201751708984,48.8489990234375,48.285400390625,48.8489990234375,205689.0
2015-04-08,43.07347106933594,47.90959930419922,48.473201751708984,47.90959930419922,48.473201751708984,253568.0
2015-04-09,43.8336181640625,48.75510025024414,50.25809860229492,48.75510025024414,49.78839874267578,801597.0
2015-04-10,45.269325256347656,50.35200119018555,51.385398864746094,49.13079833984375,49.60049819946289,1221399.0
2015-04-13,45.691612243652344,50.82170104980469,51.103599548339844,50.35200119018555,50.35200119018555,389147.0
2015-04-14,46.02947235107422,51.1974983215332,52.60660171508789,51.00960159301758,51.00960159301758,478277.0
2015-04-15,45.522769927978516,50.6338996887207,51.76110076904297,50.6338996887207,51.103599548339844,244090.0
2015-04-16,45.776119232177734,50.91569900512695,51.385398864746094,50.6338996887207,50.6338996887207,210029.0
2015-04-17,45.35383605957031,50.44599914550781,51.103599548339844,49.78839874267578,51.103599548339844,299203.0
2015-04-20,44.50926208496094,49.50659942626953,50.35200119018555,49.50659942626953,50.35200119018555,185424.0
2015-04-21,43.8336181640625,48.75510025024414,49.78839874267578,48.37929916381836,49.60049819946289,256635.0
2015-04-22,44.93154525756836,49.97629928588867,49.97629928588867,48.37929916381836,49.13079833984375,170196.0
2015-04-23,44.1713981628418,49.13079833984375,50.16419982910156,48.8489990234375,50.0702018737793,465348.0
2015-04-24,43.91803741455078,48.8489990234375,49.60049819946289,48.473201751708984,49.22480010986328,552031.0
2015-04-27,44.42475509643555,49.412601470947266,50.16419982910156,49.03689956665039,49.22480010986328,231648.0
2015-04-28,43.91803741455078,48.8489990234375,49.97629928588867,48.8489990234375,49.78839874267578,241648.0
2015-04-29,43.495750427246094,48.37929916381836,49.13079833984375,47.90959930419922,48.66109848022461,267200.0
2015-04-30,43.326820373535156,48.19139862060547,48.37929916381836,47.81570053100586,48.37929916381836,150665.0
2015-05-04,43.07347106933594,47.90959930419922,48.473201751708984,47.72169876098633,48.285400390625,221439.0
2015-05-05,42.989044189453125,47.81570053100586,48.285400390625,47.72169876098633,47.90959930419922,185470.0
2015-05-06,42.18663787841797,46.92319869995117,47.43989944458008,46.21870040893555,47.43989944458008,427203.0
2015-05-07,41.25764083862305,45.88990020751953,46.54750061035156,45.091400146484375,46.124698638916016,426429.0
2015-05-08,40.962032318115234,45.561100006103516,46.5004997253418,44.903499603271484,46.030799865722656,259745.0
2015-05-11,41.553253173828125,46.21870040893555,47.72169876098633,46.030799865722656,47.43989944458008,405138.0
2015-05-12,40.962032318115234,45.561100006103516,46.26559829711914,44.621700286865234,46.030799865722656,238951.0
2015-05-13,41.51099395751953,46.17169952392578,46.17169952392578,45.32619857788086,45.373199462890625,85170.0
2015-05-14,41.342063903808594,45.98379898071289,46.35960006713867,45.842899322509766,46.124698638916016,126761.0
2015-05-15,41.72209548950195,46.40650177001953,46.54750061035156,45.936798095703125,46.124698638916016,136459.0
2015-05-18,41.21538162231445,45.842899322509766,46.87620162963867,45.842899322509766,46.87620162963867,86259.0
2015-05-19,41.80660629272461,46.5004997253418,46.68840026855469,45.936798095703125,46.594398498535156,126095.0
2015-05-20,42.10221481323242,46.82929992675781,47.81570053100586,46.82929992675781,47.0640983581543,320417.0
2015-05-21,42.18663787841797,46.92319869995117,46.97019958496094,46.21870040893555,46.82929992675781,57483.0
2015-05-22,41.891029357910156,46.594398498535156,46.97019958496094,46.312599182128906,46.312599182128906,127741.0
2015-05-25,41.637672424316406,46.312599182128906,46.68840026855469,46.312599182128906,46.594398498535156,47903.0
2015-05-26,41.17313003540039,45.7958984375,46.594398498535156,45.7958984375,46.312599182128906,129871.0
2015-05-27,41.59541320800781,46.26559829711914,46.40650177001953,45.654998779296875,45.70199966430664,87289.0
2015-05-28,41.21538162231445,45.842899322509766,46.26559829711914,45.842899322509766,46.26559829711914,144134.0
2015-05-29,41.2998046875,45.936798095703125,46.68840026855469,45.7958984375,46.68840026855469,164999.0
2015-06-01,41.2998046875,45.936798095703125,46.40650177001953,45.749000549316406,45.842899322509766,100063.0
2015-06-02,41.384315490722656,46.030799865722656,46.68840026855469,46.030799865722656,46.312599182128906,88358.0
2015-06-03,41.13096618652344,45.749000549316406,46.21870040893555,45.654998779296875,46.21870040893555,84203.0
2015-06-04,40.455230712890625,44.997398376464844,45.88990020751953,44.997398376464844,45.842899322509766,174579.0
2015-06-05,40.15961837768555,44.66859817504883,45.185298919677734,44.66859817504883,44.95050048828125,93038.0
2015-06-08,40.15961837768555,44.66859817504883,44.715599060058594,44.10499954223633,44.715599060058594,118260.0
2015-06-09,38.00602340698242,42.27320098876953,44.66859817504883,41.99129867553711,44.66859817504883,484882.0
2015-06-10,40.41307067871094,44.95050048828125,45.185298919677734,43.21260070800781,43.21260070800781,212310.0
2015-06-11,40.37080764770508,44.903499603271484,44.997398376464844,44.152000427246094,44.903499603271484,325739.0
2015-06-12,39.990779876708984,44.48080062866211,45.091400146484375,44.433799743652344,44.85649871826172,149564.0
2015-06-15,39.82184600830078,44.29290008544922,44.5276985168457,44.24589920043945,44.48080062866211,90484.0
2015-06-16,39.14620590209961,43.54140090942383,44.29290008544922,43.49440002441406,44.29290008544922,136257.0
2015-06-17,39.77959060668945,44.24589920043945,44.24589920043945,43.58829879760742,43.58829879760742,116031.0
2015-06-18,40.201873779296875,44.715599060058594,44.903499603271484,44.433799743652344,44.433799743652344,55889.0
2015-06-22,40.79309844970703,45.373199462890625,45.7958984375,44.715599060058594,45.185298919677734,107541.0
2015-06-23,41.046451568603516,45.654998779296875,46.312599182128906,45.13840103149414,46.312599182128906,87609.0
2015-06-24,42.397823333740234,47.15810012817383,47.53379821777344,45.654998779296875,45.654998779296875,419589.0
2015-06-25,42.989044189453125,47.81570053100586,47.90959930419922,47.0640983581543,47.53379821777344,453479.0
2015-06-26,43.07347106933594,47.90959930419922,48.19139862060547,47.53379821777344,47.90959930419922,331548.0
2015-06-29,42.2288932800293,46.97019958496094,47.53379821777344,46.21870040893555,47.53379821777344,310519.0
2015-06-30,43.91803741455078,48.8489990234375,48.8489990234375,46.40650177001953,46.5004997253418,502807.0
2015-07-01,44.59368133544922,49.60049819946289,49.78839874267578,48.75510025024414,49.78839874267578,1273669.0
2015-07-02,43.8336181640625,48.75510025024414,49.78839874267578,48.75510025024414,49.69449996948242,372756.0
2015-07-03,44.50926208496094,49.50659942626953,50.35200119018555,49.03689956665039,49.31869888305664,902961.0
2015-07-06,43.6646842956543,48.56719970703125,49.78839874267578,48.56719970703125,49.78839874267578,369617.0
2015-07-07,44.59368133544922,49.60049819946289,50.16419982910156,48.75510025024414,48.75510025024414,385363.0
2015-07-08,43.495750427246094,48.37929916381836,50.25809860229492,47.81570053100586,50.25809860229492,603157.0
2015-07-09,46.620697021484375,51.855098724365234,52.88840103149414,49.13079833984375,49.31869888305664,3383284.0
2015-07-10,46.620697021484375,51.855098724365234,51.855098724365234,51.855098724365234,51.855098724365234,0.0
2015-07-13,51.2658576965332,57.02180099487305,57.02180099487305,53.264198303222656,53.264198303222656,5206828.0
2015-07-14,51.2658576965332,57.02180099487305,58.05509948730469,55.894500732421875,57.96120071411133,2494300.0
2015-07-15,51.51921081542969,57.3036003112793,58.61880111694336,56.270301818847656,57.3036003112793,2050002.0
2015-07-16,51.60371780395508,57.39759826660156,58.05509948730469,56.176300048828125,58.05509948730469,1695670.0
2015-07-17,55.573238372802734,61.812801361083984,62.939998626708984,56.645999908447266,58.05509948730469,4945586.0
2015-07-20,51.08448791503906,55.706600189208984,61.24909973144531,55.706600189208984,60.8734016418457,4537817.0
2015-07-21,50.39534378051758,54.955101013183594,56.92789840698242,52.324798583984375,55.706600189208984,1959413.0
2015-07-22,49.10315704345703,53.54600143432617,56.645999908447266,53.54600143432617,54.57929992675781,1730567.0
2015-07-23,47.55255889892578,51.855098724365234,54.673301696777344,50.35200119018555,53.264198303222656,2410878.0
2015-07-24,46.7772102355957,51.00960159301758,52.418701171875,50.16419982910156,52.418701171875,898591.0
2015-07-27,45.22660827636719,49.31869888305664,52.13690185546875,49.13079833984375,50.53990173339844,1315910.0
2015-07-28,46.94951629638672,51.1974983215332,51.47930145263672,47.53379821777344,49.31869888305664,1626805.0
2015-07-29,47.98328399658203,52.324798583984375,53.45209884643555,50.53990173339844,51.667198181152344,1807946.0
2015-07-30,47.380245208740234,51.667198181152344,52.60660171508789,51.385398864746094,52.13690185546875,931761.0
2015-07-31,50.22303009033203,54.7672004699707,55.894500732421875,51.385398864746094,52.60660171508789,2995768.0
2015-08-03,49.96461486816406,54.48540115356445,55.894500732421875,54.01570129394531,55.143001556396484,1976906.0
2015-08-04,45.74344253540039,49.882301330566406,55.612701416015625,49.03689956665039,54.673301696777344,2748091.0
2015-08-05,47.03562927246094,51.29140090942383,52.512699127197266,49.412601470947266,49.97629928588867,1192248.0
2015-08-06,46.08805847167969,50.25809860229492,52.512699127197266,50.0702018737793,51.667198181152344,983606.0
2015-08-07,46.260372161865234,50.44599914550781,51.00960159301758,49.03689956665039,49.882301330566406,598358.0
2015-08-10,46.94951629638672,51.1974983215332,52.13690185546875,49.882301330566406,50.6338996887207,714403.0
2015-08-11,46.43267822265625,50.6338996887207,51.47930145263672,50.44599914550781,51.1974983215332,662175.0
2015-08-12,46.691097259521484,50.91569900512695,51.00960159301758,49.412601470947266,50.6338996887207,687673.0
2015-08-13,46.08805847167969,50.25809860229492,52.88840103149414,50.25809860229492,52.700599670410156,2045979.0
2015-08-14,44.96818542480469,49.03689956665039,50.72779846191406,48.8489990234375,50.0702018737793,1352986.0
2015-08-17,43.93442153930664,47.90959930419922,49.31869888305664,47.90959930419922,49.31869888305664,976345.0
2015-08-18,45.22660827636719,49.31869888305664,49.31869888305664,48.09749984741211,48.66109848022461,1165170.0
2015-08-19,45.140499114990234,49.22480010986328,49.882301330566406,47.90959930419922,49.78839874267578,1676715.0
2015-08-20,47.29413604736328,51.573299407958984,51.76110076904297,49.13079833984375,49.412601470947266,2581962.0
2015-08-21,45.22660827636719,49.31869888305664,51.103599548339844,49.31869888305664,50.44599914550781,1449266.0
2015-08-24,40.703922271728516,44.38679885864258,49.03689956665039,44.38679885864258,48.285400390625,3095581.0
2015-08-25,42.12531280517578,45.936798095703125,46.030799865722656,43.870201110839844,43.9640998840332,1271347.0
2015-08-26,42.383819580078125,46.21870040893555,46.5004997253418,45.091400146484375,46.124698638916016,1173672.0
2015-08-27,43.93442153930664,47.90959930419922,48.8489990234375,46.5004997253418,46.594398498535156,1503685.0
2015-08-28,44.451263427734375,48.473201751708984,49.13079833984375,48.19139862060547,48.473201751708984,1113794.0
2015-08-31,47.380245208740234,51.667198181152344,52.418701171875,48.66109848022461,49.03689956665039,2758665.0
2015-09-01,47.380245208740234,51.667198181152344,52.324798583984375,50.44599914550781,51.1974983215332,1206301.0
2015-09-02,48.58632278442383,52.982398986816406,52.982398986816406,50.44599914550781,50.82170104980469,2210767.0
2015-09-03,48.500118255615234,52.88840103149414,54.10960006713867,52.418701171875,53.17020034790039,1956880.0
2015-09-04,46.60490417480469,50.82170104980469,53.07630157470703,50.6338996887207,52.60660171508789,1299947.0
2015-09-07,48.41400909423828,52.794498443603516,53.07630157470703,50.25809860229492,50.25809860229492,1510851.0
2015-09-08,48.58632278442383,52.982398986816406,53.92179870605469,52.700599670410156,53.264198303222656,1623402.0
2015-09-09,50.22303009033203,54.7672004699707,55.98849868774414,53.82780075073242,54.01570129394531,3212073.0
2015-09-10,50.39534378051758,54.955101013183594,56.364200592041016,53.63990020751953,53.63990020751953,2425033.0
2015-09-11,52.721290588378906,57.49150085449219,57.67940139770508,55.612701416015625,55.894500732421875,3856888.0
2015-09-14,52.63517761230469,57.39759826660156,57.58539962768555,55.98849868774414,57.02180099487305,2101920.0
2015-09-15,52.03214645385742,56.7400016784668,58.61880111694336,56.645999908447266,58.05509948730469,1783454.0
2015-09-16,53.15201950073242,57.96120071411133,59.55820083618164,57.3036003112793,57.77330017089844,3590344.0
2015-09-17,53.496639251708984,58.33700180053711,59.37030029296875,57.8672981262207,59.37030029296875,1836569.0
2015-09-18,55.73638153076172,60.77939987182617,61.343101501464844,58.43090057373047,58.71269989013672,4093585.0
2015-09-21,55.82258987426758,60.8734016418457,61.53089904785156,59.74610137939453,59.93389892578125,2167156.0
2015-09-22,56.08100128173828,61.15520095825195,62.939998626708984,61.06119918823242,61.06119918823242,2086312.0
2015-09-23,53.496639251708984,58.33700180053711,62.188499450683594,58.33700180053711,60.96730041503906,2801593.0
2015-09-24,53.668853759765625,58.52479934692383,59.652099609375,57.02180099487305,59.652099609375,2288350.0
2015-09-25,56.68404006958008,61.812801361083984,62.470298767089844,58.52479934692383,59.18239974975586,3620624.0
2015-09-29,56.68404006958008,61.812801361083984,61.812801361083984,61.812801361083984,61.812801361083984,0.0
2015-09-30,56.856258392333984,62.0005989074707,63.315799713134766,61.343101501464844,62.094600677490234,3219646.0
2015-10-01,56.51173400878906,61.624900817871094,62.658199310302734,60.77939987182617,62.470298767089844,1823717.0
2015-10-02,56.08100128173828,61.15520095825195,62.846099853515625,61.15520095825195,61.812801361083984,2078395.0
2015-10-05,55.30565643310547,60.30970001220703,62.0005989074707,59.18239974975586,62.0005989074707,2548532.0
2015-10-06,54.53030776977539,59.46419906616211,60.8734016418457,58.99449920654297,60.59149932861328,1579919.0
2015-10-07,55.73638153076172,60.77939987182617,61.343101501464844,59.652099609375,59.84000015258789,2479352.0
2015-10-08,54.4442024230957,59.37030029296875,61.812801361083984,59.37030029296875,61.812801361083984,2175935.0
2015-10-12,54.83475875854492,59.796199798583984,60.089298248291016,56.66960144042969,59.50310134887695,2291130.0
2015-10-13,55.19313430786133,60.1870002746582,61.359500885009766,60.089298248291016,60.089298248291016,1555347.0
2015-10-14,53.759544372558594,58.62369918823242,59.50310134887695,58.13520050048828,58.916900634765625,1613373.0
2015-10-15,52.95320510864258,57.74440002441406,59.209999084472656,57.74440002441406,58.62369918823242,1043191.0
2015-10-16,53.580360412597656,58.42829895019531,59.991600036621094,58.13520050048828,58.33060073852539,1460997.0
2015-10-19,53.13239288330078,57.93980026245117,58.81919860839844,57.06050109863281,58.81919860839844,1644828.0
2015-10-20,54.83475875854492,59.796199798583984,60.1870002746582,58.13520050048828,58.62369918823242,2385317.0
2015-10-21,53.93882369995117,58.81919860839844,60.57789993286133,58.13520050048828,60.1870002746582,2999394.0
2015-10-22,55.99957275390625,61.06639862060547,61.359500885009766,58.62369918823242,59.112300872802734,4562038.0
2015-10-23,55.462013244628906,60.480201721191406,62.43429946899414,60.2848014831543,61.45719909667969,3447184.0
2015-10-26,56.71641159057617,61.84809875488281,63.3135986328125,60.77330017089844,61.554901123046875,3131936.0
2015-10-27,58.86675262451172,64.19300079345703,65.2677993774414,61.84809875488281,62.53200149536133,6317073.0
2015-10-28,64.69070434570312,70.54389953613281,70.54389953613281,65.46320343017578,65.46320343017578,5363054.0
2015-10-29,67.28910827636719,73.37740325927734,77.18789672851562,72.20490264892578,74.0613021850586,13783246.0
2015-10-30,74.00907135009766,80.70539855957031,80.70539855957031,73.57279968261719,75.42919921875,13445215.0
2015-11-02,73.0234603881836,79.63059997558594,81.58470153808594,77.57879638671875,80.11910247802734,9052575.0
2015-11-03,73.47142791748047,80.11910247802734,84.32050323486328,79.82599639892578,80.70539855957031,10113436.0
2015-11-04,73.65060424804688,80.31449890136719,82.2686996459961,79.04429626464844,79.14209747314453,6328597.0
2015-11-05,73.82979583740234,80.50990295410156,83.44110107421875,80.50990295410156,81.09619903564453,5564917.0
2015-11-06,71.05221557617188,77.48100280761719,80.8031005859375,76.99250030517578,80.70539855957031,5571607.0
2015-11-09,70.06668090820312,76.40630340576172,78.8488998413086,75.52690124511719,77.48100280761719,3816349.0
2015-11-10,70.60424041748047,76.99250030517578,78.55580139160156,75.42919921875,75.52690124511719,4678138.0
2015-11-11,67.19950103759766,73.27970123291016,78.16500091552734,73.27970123291016,76.8947982788086,3919493.0
2015-11-12,73.11304473876953,79.72830200195312,80.50990295410156,72.30259704589844,73.67050170898438,9053385.0
2015-11-13,71.67945861816406,78.16500091552734,82.85489654541016,78.16500091552734,79.14209747314453,9639267.0
2015-11-16,74.81541442871094,81.58470153808594,81.68240356445312,76.50399780273438,77.18789672851562,6447912.0
2015-11-17,72.75467681884766,79.3375015258789,85.19989776611328,79.3375015258789,84.02739715576172,10475571.0
2015-11-18,73.47142791748047,80.11910247802734,82.46410369873047,79.63059997558594,80.216796875,6534808.0
2015-11-19,74.18827056884766,80.90080261230469,81.97550201416016,80.50990295410156,81.97550201416016,4148135.0
2015-11-20,72.48580169677734,79.04429626464844,81.58470153808594,78.94660186767578,80.90080261230469,5209703.0
2015-11-23,72.48580169677734,79.04429626464844,79.63059997558594,76.7970962524414,79.63059997558594,4264672.0
2015-11-24,69.88748931884766,76.21089935302734,78.94660186767578,76.0155029296875,76.21089935302734,4605199.0
2015-11-25,72.12743377685547,78.65350341796875,79.63059997558594,76.40630340576172,76.40630340576172,5163194.0
2015-11-26,72.21701049804688,78.7511978149414,79.53289794921875,77.28559875488281,78.7511978149414,3232287.0
2015-11-27,71.67945861816406,78.16500091552734,81.48699951171875,78.16500091552734,78.7511978149414,6025732.0
2015-11-30,70.33545684814453,76.69940185546875,78.65350341796875,76.50399780273438,77.48100280761719,2235777.0
2015-12-01,72.21701049804688,78.7511978149414,79.3375015258789,77.09020233154297,77.18789672851562,4158431.0
2015-12-02,70.69384002685547,77.09020233154297,80.60769653320312,76.99250030517578,78.7511978149414,4715203.0
2015-12-03,68.45390319824219,74.64759826660156,78.45809936523438,74.54989624023438,76.60169982910156,3944479.0
2015-12-04,67.3786849975586,73.47509765625,74.74530029296875,72.79119873046875,73.76820373535156,3345116.0
2015-12-07,69.97708892822266,76.30860137939453,76.30860137939453,73.67050170898438,74.45220184326172,3062001.0
2015-12-08,67.737060546875,73.86589813232422,76.50399780273438,73.86589813232422,76.0155029296875,2208196.0
2015-12-09,63.794677734375,69.56680297851562,75.23380279541016,69.37139892578125,73.67050170898438,3246600.0
2015-12-10,64.95948028564453,70.83699798583984,71.42330169677734,68.78520202636719,69.56680297851562,1941678.0
2015-12-11,61.37556076049805,66.92880249023438,71.52100372314453,66.34249877929688,70.93470001220703,2184117.0
2015-12-14,59.583499908447266,64.97460174560547,66.83110046386719,64.29070281982422,65.56089782714844,2916655.0
2015-12-15,63.167510986328125,68.88289642333984,68.98059844970703,65.65859985351562,65.85399627685547,2429973.0
2015-12-16,66.30347442626953,72.30259704589844,73.76820373535156,71.42330169677734,71.61869812011719,5963839.0
2015-12-17,66.75153350830078,72.79119873046875,73.67050170898438,71.42330169677734,72.595703125,2670414.0
2015-12-18,65.67632293701172,71.61869812011719,72.49800109863281,71.61869812011719,72.30259704589844,1325329.0
2015-12-21,64.86988830566406,70.73930358886719,71.22789764404297,69.66459655761719,70.83699798583984,1368068.0
2015-12-22,63.615482330322266,69.37139892578125,71.52100372314453,69.37139892578125,70.73930358886719,1055600.0
2015-12-23,62.89873123168945,68.58979797363281,71.32559967041016,68.49210357666016,69.86000061035156,1256199.0
2015-12-24,60.56911849975586,66.04940032958984,69.37139892578125,65.17009735107422,69.37139892578125,2782791.0
2015-12-25,61.46514129638672,67.02649688720703,67.02649688720703,64.68150329589844,65.56089782714844,1852305.0
2015-12-28,60.65871810913086,66.14710235595703,67.80809783935547,66.14710235595703,67.51499938964844,1170824.0
2015-12-29,59.85236740112305,65.2677993774414,66.83110046386719,65.17009735107422,66.24479675292969,1196395.0
2015-12-30,60.83789825439453,66.34249877929688,66.63569641113281,65.56089782714844,65.75630187988281,1168340.0
2015-12-31,61.19636535644531,66.7333984375,66.7333984375,65.46320343017578,65.85399627685547,713148.0
2016-01-04,59.85236740112305,65.2677993774414,66.7333984375,64.29070281982422,66.14710235595703,1633128.0
2016-01-05,58.59796905517578,63.899898529052734,65.85399627685547,63.6068000793457,65.07240295410156,1759084.0
2016-01-06,56.53713607788086,61.6525993347168,64.7791976928711,61.6525993347168,64.38839721679688,1720251.0
2016-01-07,54.207611083984375,59.112300872802734,62.53200149536133,56.66960144042969,61.6525993347168,2643260.0
2016-01-08,59.583499908447266,64.97460174560547,64.97460174560547,59.112300872802734,59.112300872802734,2567822.0
2016-01-11,61.46514129638672,67.02649688720703,69.37139892578125,65.46320343017578,65.85399627685547,7395681.0
2016-01-12,58.0603141784668,63.3135986328125,68.49210357666016,62.92279815673828,67.3196029663086,3477132.0
2016-01-13,60.47952651977539,65.95169830322266,66.44020080566406,64.09529876708984,64.48609924316406,2307831.0
2016-01-14,60.65871810913086,66.14710235595703,68.58979797363281,63.50910186767578,64.58380126953125,3980783.0
2016-01-15,62.54035568237305,68.1989974975586,68.1989974975586,66.63569641113281,67.61270141601562,3159538.0
2016-01-18,63.43629455566406,69.1760025024414,71.13009643554688,68.1011962890625,68.1011962890625,4875655.0
2016-01-19,62.809146881103516,68.49210357666016,69.95770263671875,68.1011962890625,69.1760025024414,2165867.0
2016-01-20,59.583499908447266,64.97460174560547,70.34850311279297,64.97460174560547,69.07830047607422,3689952.0
2016-01-21,60.12115478515625,65.56089782714844,66.92880249023438,65.2677993774414,66.92880249023438,2041494.0
2016-01-22,60.389930725097656,65.85399627685547,67.2219009399414,64.87699890136719,67.12419891357422,1458810.0
2016-01-25,61.913116455078125,67.51499938964844,68.6875,65.46320343017578,66.44020080566406,1925140.0
2016-01-26,61.37556076049805,66.92880249023438,68.39440155029297,66.63569641113281,67.2219009399414,1180580.0
2016-01-27,61.37556076049805,66.92880249023438,68.39440155029297,66.92880249023438,68.00350189208984,1312210.0
2016-01-28,61.017093658447266,66.53790283203125,67.61270141601562,66.44020080566406,66.63569641113281,825236.0
2016-01-29,61.55474090576172,67.12419891357422,67.51499938964844,66.63569641113281,66.63569641113281,886274.0
2016-02-01,61.46514129638672,67.02649688720703,68.98059844970703,67.02649688720703,68.78520202636719,814435.0
2016-02-02,62.092308044433594,67.71040344238281,68.29669952392578,67.12419891357422,67.2219009399414,1070950.0
2016-02-03,61.64433670043945,67.2219009399414,68.1011962890625,67.02649688720703,67.90579986572266,968415.0
2016-02-15,61.913116455078125,67.51499938964844,68.58979797363281,67.12419891357422,67.71040344238281,912482.0
2016-02-16,62.809146881103516,68.49210357666016,69.56680297851562,67.51499938964844,68.00350189208984,1424166.0
2016-02-17,63.25711441040039,68.98059844970703,70.54389953613281,68.78520202636719,69.56680297851562,1616928.0
2016-02-18,66.93072509765625,72.98660278320312,74.9406967163086,69.1760025024414,69.56680297851562,5428821.0
2016-02-19,65.67632293701172,71.61869812011719,72.79119873046875,71.13009643554688,72.40029907226562,2428517.0
2016-02-22,63.43629455566406,69.1760025024414,70.1530990600586,67.2219009399414,69.76229858398438,3201316.0
2016-02-23,64.33232116699219,70.1530990600586,71.32559967041016,69.56680297851562,69.56680297851562,1951224.0
2016-02-24,63.43629455566406,69.1760025024414,70.93470001220703,68.88289642333984,70.83699798583984,1070886.0
2016-02-25,63.52589416503906,69.27369689941406,70.1530990600586,69.1760025024414,69.66459655761719,617860.0
2016-02-26,65.40753936767578,71.32559967041016,72.0094985961914,69.86000061035156,69.86000061035156,2509637.0
2016-03-01,65.138671875,71.03240203857422,72.40029907226562,71.03240203857422,72.0094985961914,924840.0
2016-03-02,64.51151275634766,70.34850311279297,71.71640014648438,70.1530990600586,71.32559967041016,1126696.0
2016-03-03,64.6010971069336,70.44619750976562,72.30259704589844,70.34850311279297,70.34850311279297,1597819.0
2016-03-04,65.67632293701172,71.61869812011719,71.91179656982422,70.73930358886719,71.52100372314453,1421845.0
2016-03-07,64.51151275634766,70.34850311279297,72.30259704589844,70.34850311279297,72.30259704589844,939281.0
2016-03-08,64.86988830566406,70.73930358886719,71.61869812011719,69.66459655761719,70.34850311279297,906672.0
2016-03-09,64.95948028564453,70.83699798583984,72.69349670410156,70.83699798583984,71.03240203857422,2754256.0
2016-03-10,64.42192077636719,70.25080108642578,71.71640014648438,70.0553970336914,71.42330169677734,1273792.0
2016-03-11,64.86988830566406,70.73930358886719,71.52100372314453,70.25080108642578,70.25080108642578,1131735.0
2016-03-14,64.95948028564453,70.83699798583984,71.91179656982422,70.73930358886719,71.52100372314453,1017092.0
2016-03-15,63.615482330322266,69.37139892578125,71.42330169677734,69.37139892578125,71.32559967041016,1081955.0
2016-03-16,63.34670639038086,69.07830047607422,69.86000061035156,68.78520202636719,69.56680297851562,1143608.0
2016-03-17,62.361087799072266,68.00350189208984,69.86000061035156,68.00350189208984,69.66459655761719,1062833.0
2016-03-18,61.64433670043945,67.2219009399414,68.6875,67.12419891357422,68.1989974975586,878072.0
2016-03-21,63.25711441040039,68.98059844970703,69.56680297851562,67.41729736328125,67.41729736328125,923009.0
2016-03-22,62.62995529174805,68.29669952392578,69.46910095214844,68.1011962890625,69.37139892578125,409944.0
2016-03-23,61.73392868041992,67.3196029663086,68.88289642333984,67.3196029663086,68.29669952392578,466137.0
2016-03-24,61.823524475097656,67.41729736328125,68.1011962890625,65.95169830322266,67.3196029663086,571360.0
2016-03-25,61.64433670043945,67.2219009399414,68.00350189208984,67.02649688720703,67.2219009399414,437396.0
2016-03-28,59.85236740112305,65.2677993774414,67.80809783935547,65.2677993774414,67.41729736328125,947499.0
2016-03-29,58.77715301513672,64.09529876708984,65.65859985351562,63.99760055541992,65.2677993774414,898162.0
2016-03-30,60.12115478515625,65.56089782714844,65.85399627685547,64.29070281982422,64.29070281982422,854482.0
2016-03-31,60.12115478515625,65.56089782714844,66.92880249023438,65.2677993774414,65.95169830322266,1091502.0
2016-04-01,60.47952651977539,65.95169830322266,66.63569641113281,65.65859985351562,65.95169830322266,418531.0
2016-04-06,59.314720153808594,64.68150329589844,65.75630187988281,64.48609924316406,65.65859985351562,638067.0
2016-04-07,60.56911849975586,66.04940032958984,66.83110046386719,65.07240295410156,65.07240295410156,1230467.0
2016-04-08,62.27149200439453,67.90579986572266,68.49210357666016,66.14710235595703,67.3196029663086,1556978.0
2016-04-11,63.43629455566406,69.1760025024414,70.34850311279297,68.88289642333984,70.25080108642578,1309530.0
2016-04-12,62.4506721496582,68.1011962890625,69.66459655761719,67.2219009399414,69.66459655761719,855170.0
2016-04-13,63.07792663574219,68.78520202636719,68.98059844970703,68.1011962890625,68.88289642333984,582815.0
2016-04-14,62.809146881103516,68.49210357666016,69.37139892578125,68.49210357666016,68.98059844970703,474307.0
2016-04-15,63.794677734375,69.56680297851562,69.95770263671875,68.6875,68.6875,1195189.0
2016-04-18,64.95948028564453,70.83699798583984,71.61869812011719,69.1760025024414,69.46910095214844,2315859.0
2016-04-19,64.42192077636719,70.25080108642578,72.20490264892578,70.0553970336914,71.52100372314453,1265585.0
2016-04-20,64.51151275634766,70.34850311279297,71.32559967041016,69.56680297851562,70.34850311279297,1164737.0
2016-04-21,65.85551452636719,71.81410217285156,72.1072006225586,70.44619750976562,70.83699798583984,2239837.0
2016-04-22,65.31794738769531,71.22789764404297,72.69349670410156,70.83699798583984,72.30259704589844,1768458.0
2016-04-25,65.58673095703125,71.52100372314453,74.0613021850586,71.52100372314453,72.30259704589844,2560233.0
2016-04-26,64.95948028564453,70.83699798583984,72.0094985961914,70.6416015625,71.32559967041016,866702.0
2016-04-27,66.66193389892578,72.69349670410156,72.69349670410156,70.83699798583984,70.83699798583984,1629007.0
2016-04-28,66.84113311767578,72.88890075683594,74.74530029296875,72.88890075683594,73.47509765625,3714634.0
2016-04-29,66.30347442626953,72.30259704589844,73.37740325927734,71.91179656982422,73.18199920654297,1180677.0
2016-05-03,65.40753936767578,71.32559967041016,72.49800109863281,70.83699798583984,72.49800109863281,969544.0
2016-05-04,65.049072265625,70.93470001220703,71.91179656982422,70.44619750976562,70.6416015625,868826.0
2016-05-05,66.0346908569336,72.0094985961914,72.1072006225586,70.6416015625,70.6416015625,725622.0
2016-05-06,65.138671875,71.03240203857422,72.0094985961914,70.93470001220703,72.0094985961914,478575.0
2016-05-09,69.34983825683594,75.62460327148438,78.06729888916016,74.84300231933594,78.06729888916016,5967256.0
2016-05-10,68.90187072753906,75.13610076904297,76.21089935302734,74.45220184326172,75.62460327148438,2191173.0
2016-05-11,64.51151275634766,70.34850311279297,73.27970123291016,70.34850311279297,72.79119873046875,3428302.0
2016-05-12,62.71955108642578,68.39440155029297,71.61869812011719,68.1989974975586,70.83699798583984,2320386.0
2016-05-13,63.43629455566406,69.1760025024414,69.66459655761719,68.39440155029297,68.88289642333984,1049428.0
2016-05-16,64.95948028564453,70.83699798583984,72.0094985961914,68.6875,69.56680297851562,1546948.0
2016-05-17,66.1242904663086,72.1072006225586,72.30259704589844,69.95770263671875,71.32559967041016,2008429.0
2016-05-18,67.3786849975586,73.47509765625,74.9406967163086,72.595703125,72.79119873046875,4525952.0
2016-05-19,66.48265838623047,72.49800109863281,74.25679779052734,72.40029907226562,73.9636001586914,1931866.0
2016-05-20,68.90187072753906,75.13610076904297,75.82009887695312,72.595703125,73.37740325927734,3961914.0
2016-05-23,70.7834243774414,77.18789672851562,78.55580139160156,76.21089935302734,76.8947982788086,5856714.0
2016-05-24,71.94823455810547,78.45809936523438,79.14209747314453,76.30860137939453,76.69940185546875,3623982.0
2016-05-25,72.57548522949219,79.14209747314453,80.41220092773438,78.65350341796875,79.92369842529297,3529453.0
2016-05-26,73.47142791748047,80.11910247802734,80.99849700927734,79.4352035522461,79.82599639892578,2238846.0
2016-05-27,72.57548522949219,79.14209747314453,80.11910247802734,78.55580139160156,79.92369842529297,2045827.0
2016-05-30,74.63623809814453,81.38929748535156,82.85489654541016,79.53289794921875,79.72830200195312,4203302.0
2016-05-31,75.44266510009766,82.2686996459961,82.85489654541016,80.41220092773438,81.48699951171875,2220469.0
2016-06-01,74.72582244873047,81.48699951171875,82.56179809570312,80.99849700927734,82.2686996459961,1918952.0
2016-06-02,73.47142791748047,80.11910247802734,81.87779998779297,79.63059997558594,81.68240356445312,1693303.0
2016-06-03,74.90502166748047,81.68240356445312,82.65950012207031,80.70539855957031,80.8031005859375,1991225.0
2016-06-06,73.292236328125,79.92369842529297,80.70539855957031,78.7511978149414,80.41220092773438,1593583.0
2016-06-07,73.292236328125,79.92369842529297,79.92369842529297,79.92369842529297,79.92369842529297,0.0
2016-06-08,73.7402114868164,80.41220092773438,82.1709976196289,80.216796875,82.07319641113281,890883.0
2016-06-13,73.11304473876953,79.72830200195312,80.31449890136719,79.23979949951172,80.31449890136719,862123.0
2016-06-14,73.0234603881836,79.63059997558594,80.60769653320312,79.23979949951172,79.72830200195312,845502.0
2016-06-15,72.57548522949219,79.14209747314453,80.11910247802734,78.55580139160156,80.02140045166016,1710656.0
2016-06-16,73.11304473876953,79.72830200195312,81.58470153808594,79.63059997558594,80.11910247802734,2147968.0
2016-06-17,73.47142791748047,80.11910247802734,80.31449890136719,78.94660186767578,79.72830200195312,1559894.0
2016-06-20,72.9338607788086,79.53289794921875,80.41220092773438,79.23979949951172,80.31449890136719,1089487.0
2016-06-21,74.45704650878906,81.19390106201172,81.58470153808594,79.3375015258789,79.82599639892578,1822509.0
2016-06-22,74.63623809814453,81.38929748535156,82.46410369873047,81.2916030883789,82.07319641113281,2032906.0
2016-06-23,77.23462677001953,84.2228012084961,84.51589965820312,81.97550201416016,82.07319641113281,4473639.0
2016-06-24,73.7402114868164,80.41220092773438,84.7113037109375,78.45809936523438,84.7113037109375,4095965.0
2016-06-27,76.15941619873047,83.05030059814453,83.34339904785156,80.41220092773438,80.41220092773438,2564087.0
2016-06-28,80.46017456054688,87.74019622802734,88.81500244140625,82.46410369873047,83.34339904785156,6494097.0
2016-06-29,80.19139862060547,87.44709777832031,90.28060150146484,86.27459716796875,88.22869873046875,3538573.0
2016-06-30,80.10181427001953,87.34940338134766,89.10810089111328,87.15399932861328,87.93560028076172,2179820.0
2016-07-01,81.08733367919922,88.42410278320312,90.37830352783203,88.0333023071289,88.61959838867188,2302474.0
2016-07-04,80.63937377929688,87.93560028076172,88.71730041503906,87.34940338134766,88.22869873046875,1364836.0
2016-07-05,80.10181427001953,87.34940338134766,89.59660339355469,87.25170135498047,88.32640075683594,1949321.0
2016-07-06,80.81855010986328,88.13099670410156,88.81500244140625,86.47000122070312,87.25170135498047,1541164.0
2016-07-07,80.90814971923828,88.22869873046875,89.20580291748047,87.74019622802734,89.20580291748047,1758724.0
2016-07-11,79.11618041992188,86.27459716796875,86.95860290527344,85.78610229492188,86.37229919433594,1939477.0
2016-07-12,77.59300231933594,84.61360168457031,86.86080169677734,84.41819763183594,86.47000122070312,1707527.0
2016-07-13,78.84739685058594,85.98149871826172,86.56770324707031,83.73429870605469,84.51589965820312,1742281.0
2016-07-14,78.3994369506836,85.49299621582031,86.86080169677734,85.49299621582031,86.86080169677734,859276.0
2016-07-15,79.02659606933594,86.1769027709961,86.47000122070312,85.19989776611328,85.49299621582031,1127053.0
2016-07-18,79.29537200927734,86.47000122070312,88.42410278320312,86.1769027709961,86.76319885253906,1960135.0
2016-07-19,78.66822052001953,85.78610229492188,87.25170135498047,85.68840026855469,86.56770324707031,1237800.0
2016-07-20,76.24900817871094,83.14800262451172,85.5906982421875,82.95259857177734,85.49299621582031,2182931.0
2016-07-21,74.81541442871094,81.58470153808594,83.14800262451172,81.2916030883789,82.85489654541016,2011033.0
2016-07-22,73.292236328125,79.92369842529297,82.36640167236328,79.92369842529297,81.09619903564453,2052503.0
2016-07-25,72.57548522949219,79.14209747314453,81.87779998779297,77.87190246582031,80.02140045166016,2227206.0
2016-07-26,72.66508483886719,79.23979949951172,80.31449890136719,78.65350341796875,79.3375015258789,1308887.0
2016-07-27,70.69384002685547,77.09020233154297,79.72830200195312,76.69940185546875,79.3375015258789,1842209.0
2016-07-28,72.9338607788086,79.53289794921875,79.53289794921875,77.18789672851562,77.18789672851562,1770402.0
2016-07-29,72.9338607788086,79.53289794921875,80.41220092773438,78.94660186767578,80.216796875,1159516.0
2016-08-01,72.66508483886719,79.23979949951172,79.92369842529297,78.65350341796875,79.53289794921875,544592.0
2016-08-02,73.7402114868164,80.41220092773438,81.38929748535156,79.23979949951172,80.11910247802734,1629044.0
2016-08-03,74.00907135009766,80.70539855957031,81.58470153808594,80.11910247802734,80.11910247802734,1768354.0
2016-08-04,74.72582244873047,81.48699951171875,81.78009796142578,80.70539855957031,81.68240356445312,1036933.0
2016-08-05,73.7402114868164,80.41220092773438,81.09619903564453,80.216796875,80.90080261230469,1306958.0
2016-08-08,71.23149108886719,77.67649841308594,80.50990295410156,77.67649841308594,80.50990295410156,2046405.0
2016-08-09,67.28910827636719,73.37740325927734,77.57879638671875,73.18199920654297,77.57879638671875,3525531.0
2016-08-10,66.57225799560547,72.595703125,74.45220184326172,71.81410217285156,72.79119873046875,1732236.0
2016-08-11,65.40753936767578,71.32559967041016,73.27970123291016,70.83699798583984,73.27970123291016,1560757.0
2016-08-12,66.57225799560547,72.595703125,72.98660278320312,71.61869812011719,72.0094985961914,928821.0
2016-08-15,65.31794738769531,71.22789764404297,72.69349670410156,71.13009643554688,72.69349670410156,1325967.0
2016-08-16,65.94509887695312,71.91179656982422,72.49800109863281,71.03240203857422,71.61869812011719,1789036.0
2016-08-17,64.86988830566406,70.73930358886719,72.49800109863281,70.54389953613281,71.71640014648438,1766563.0
2016-08-18,64.42192077636719,70.25080108642578,71.61869812011719,69.46910095214844,70.25080108642578,1952605.0
2016-08-19,64.33232116699219,70.1530990600586,71.13009643554688,69.86000061035156,70.44619750976562,977975.0
2016-08-22,65.31794738769531,71.22789764404297,71.61869812011719,68.88289642333984,70.6416015625,1030667.0
2016-08-23,64.15313720703125,69.95770263671875,70.73930358886719,69.37139892578125,70.6416015625,1772425.0
2016-08-24,63.97395324707031,69.76229858398438,70.6416015625,69.66459655761719,70.44619750976562,602623.0
2016-08-25,64.06354522705078,69.86000061035156,70.54389953613281,69.66459655761719,70.1530990600586,548582.0
2016-08-26,64.33232116699219,70.1530990600586,70.6416015625,69.56680297851562,69.56680297851562,597306.0
2016-08-29,64.42192077636719,70.25080108642578,70.93470001220703,69.95770263671875,70.83699798583984,506973.0
2016-08-30,64.6010971069336,70.44619750976562,71.03240203857422,70.34850311279297,70.6416015625,404317.0
2016-08-31,63.705081939697266,69.46910095214844,70.83699798583984,69.1760025024414,70.54389953613281,824167.0
2016-09-01,63.794677734375,69.56680297851562,70.0553970336914,69.27369689941406,69.27369689941406,546859.0
2016-09-02,63.615482330322266,69.37139892578125,70.0553970336914,69.27369689941406,70.0553970336914,586157.0
2016-09-05,63.615482330322266,69.37139892578125,69.76229858398438,68.49210357666016,69.46910095214844,761130.0
2016-09-06,62.62995529174805,68.29669952392578,68.88289642333984,67.12419891357422,68.58979797363281,1920594.0
2016-09-07,63.43629455566406,69.1760025024414,69.1760025024414,68.58979797363281,68.58979797363281,726566.0
2016-09-08,66.1242904663086,72.1072006225586,72.79119873046875,69.66459655761719,69.66459655761719,3080716.0
2016-09-09,65.94509887695312,71.91179656982422,72.49800109863281,71.22789764404297,72.1072006225586,1102899.0
2016-09-12,64.51151275634766,70.34850311279297,71.61869812011719,70.1530990600586,71.03240203857422,897757.0
2016-09-13,64.33232116699219,70.1530990600586,71.32559967041016,69.86000061035156,71.22789764404297,770334.0
2016-09-14,63.97395324707031,69.76229858398438,70.34850311279297,69.37139892578125,69.76229858398438,535718.0
2016-09-19,64.06354522705078,69.86000061035156,70.54389953613281,69.66459655761719,70.1530990600586,557283.0
2016-09-20,64.24272918701172,70.0553970336914,70.73930358886719,69.95770263671875,70.25080108642578,368136.0
2016-09-21,65.94509887695312,71.91179656982422,72.30259704589844,70.54389953613281,70.6416015625,1676465.0
2016-09-22,66.30347442626953,72.30259704589844,72.49800109863281,70.54389953613281,72.30259704589844,1101884.0
2016-09-23,67.28910827636719,73.37740325927734,74.54989624023438,72.40029907226562,72.49800109863281,3326364.0
2016-09-26,67.02030944824219,73.08429718017578,73.37740325927734,72.20490264892578,72.98660278320312,1086604.0
2016-09-27,67.02030944824219,73.08429718017578,73.08429718017578,73.08429718017578,73.08429718017578,0.0
2016-09-28,67.02030944824219,73.08429718017578,73.08429718017578,73.08429718017578,73.08429718017578,0.0
2016-09-29,66.66193389892578,72.69349670410156,73.76820373535156,72.49800109863281,73.08429718017578,627740.0
2016-09-30,66.93072509765625,72.98660278320312,73.27970123291016,72.30259704589844,72.69349670410156,705450.0
2016-10-03,67.10990905761719,73.18199920654297,74.25679779052734,73.08429718017578,73.08429718017578,815720.0
2016-10-04,65.85551452636719,71.81410217285156,73.57279968261719,71.71640014648438,73.57279968261719,807888.0
2016-10-05,65.94509887695312,71.91179656982422,72.1072006225586,71.42330169677734,71.81410217285156,681496.0
2016-10-06,65.85551452636719,71.81410217285156,72.20490264892578,71.52100372314453,71.91179656982422,296289.0
2016-10-07,65.40753936767578,71.32559967041016,72.0094985961914,71.03240203857422,71.81410217285156,622683.0
2016-10-11,64.15313720703125,69.95770263671875,71.22789764404297,69.37139892578125,71.22789764404297,992692.0
2016-10-12,63.43629455566406,69.1760025024414,69.56680297851562,68.1989974975586,69.56680297851562,657225.0
2016-10-13,62.809146881103516,68.49210357666016,69.37139892578125,68.1989974975586,69.37139892578125,1114037.0
2016-10-14,61.19636535644531,66.7333984375,68.39440155029297,65.85399627685547,68.1989974975586,2009102.0
2016-10-17,61.19636535644531,66.7333984375,67.3196029663086,66.14710235595703,67.02649688720703,590658.0
2016-10-18,61.017093658447266,66.53790283203125,67.2219009399414,66.24479675292969,67.2219009399414,461112.0
2016-10-19,60.7483024597168,66.24479675292969,67.12419891357422,66.24479675292969,66.7333984375,413587.0
2016-10-20,61.10676956176758,66.63569641113281,66.92880249023438,66.04940032958984,66.34249877929688,291181.0
2016-10-21,61.28596115112305,66.83110046386719,66.92880249023438,66.44020080566406,66.63569641113281,250078.0
2016-10-24,61.55474090576172,67.12419891357422,67.41729736328125,66.7333984375,66.83110046386719,247237.0
2016-10-25,61.37556076049805,66.92880249023438,67.3196029663086,66.63569641113281,67.12419891357422,256104.0
2016-10-26,61.017093658447266,66.53790283203125,67.12419891357422,66.44020080566406,66.92880249023438,273793.0
2016-10-27,61.28596115112305,66.83110046386719,67.12419891357422,66.63569641113281,66.7333984375,160989.0
2016-10-28,60.56911849975586,66.04940032958984,66.83110046386719,65.95169830322266,66.83110046386719,347800.0
2016-10-31,58.95634460449219,64.29070281982422,65.46320343017578,63.11819839477539,65.46320343017578,718342.0
2016-11-01,58.23959732055664,63.50910186767578,64.29070281982422,63.3135986328125,64.29070281982422,693446.0
2016-11-02,55.55160140991211,60.57789993286133,63.11819839477539,60.38249969482422,63.11819839477539,1642292.0
2016-11-03,52.95320510864258,57.74440002441406,60.38249969482422,57.64670181274414,60.38249969482422,1859267.0
2016-11-04,52.14677429199219,56.8650016784668,57.842098236083984,56.66960144042969,56.66960144042969,1470337.0
2016-11-07,53.311580657958984,58.13520050048828,58.2328987121582,57.06050109863281,57.25590133666992,659259.0
2016-11-08,53.49076843261719,58.33060073852539,58.81919860839844,57.353599548339844,58.62369918823242,701185.0
2016-11-09,51.07164764404297,55.69260025024414,58.42829895019531,55.69260025024414,58.42829895019531,802303.0
2016-11-10,54.29719924926758,59.209999084472656,59.50310134887695,57.353599548339844,57.353599548339844,846210.0
2016-11-11,56.6268196105957,61.75040054321289,62.23889923095703,58.916900634765625,59.600799560546875,1850621.0
2016-11-14,55.55160140991211,60.57789993286133,61.45719909667969,59.405399322509766,60.67559814453125,684301.0
2016-11-15,55.462013244628906,60.480201721191406,61.6525993347168,60.1870002746582,60.2848014831543,582564.0
2016-11-16,55.82038116455078,60.87099838256836,61.26179885864258,60.38249969482422,60.480201721191406,268438.0
2016-11-17,55.82038116455078,60.87099838256836,61.359500885009766,60.089298248291016,61.359500885009766,397296.0
2016-11-18,56.985191345214844,62.14120101928711,62.53200149536133,61.164100646972656,61.26179885864258,856674.0
2016-11-21,56.447540283203125,61.554901123046875,62.14120101928711,61.164100646972656,62.14120101928711,319990.0
2016-11-22,56.447540283203125,61.554901123046875,61.94580078125,61.26179885864258,61.554901123046875,276495.0
2016-11-23,56.71641159057617,61.84809875488281,62.72740173339844,61.6525993347168,61.75040054321289,501438.0
2016-11-24,57.52275466918945,62.72740173339844,63.21590042114258,61.84809875488281,62.33660125732422,669634.0
2016-11-25,57.34356689453125,62.53200149536133,63.02050018310547,62.33660125732422,63.02050018310547,317329.0
2016-11-28,56.806007385253906,61.94580078125,62.92279815673828,61.84809875488281,62.72740173339844,375136.0
2016-11-29,56.53713607788086,61.6525993347168,62.43429946899414,61.554901123046875,61.94580078125,281119.0
2016-11-30,56.806007385253906,61.94580078125,62.92279815673828,61.554901123046875,61.94580078125,418602.0
2016-12-01,57.881126403808594,63.11819839477539,63.50910186767578,62.33660125732422,62.33660125732422,754488.0
2016-12-02,57.16438293457031,62.33660125732422,63.3135986328125,62.33660125732422,62.82509994506836,319646.0
2016-12-05,57.16438293457031,62.33660125732422,62.72740173339844,62.14120101928711,62.72740173339844,127079.0
2016-12-06,56.806007385253906,61.94580078125,62.62969970703125,61.84809875488281,62.53200149536133,245745.0
2016-12-07,56.447540283203125,61.554901123046875,62.33660125732422,61.359500885009766,61.94580078125,463809.0
2016-12-08,56.447540283203125,61.554901123046875,62.04349899291992,61.26179885864258,61.75040054321289,334677.0
2016-12-09,56.985191345214844,62.14120101928711,62.72740173339844,61.84809875488281,61.94580078125,483226.0
2016-12-12,56.806007385253906,61.94580078125,62.62969970703125,61.84809875488281,62.53200149536133,261375.0
2016-12-13,56.6268196105957,61.75040054321289,62.14120101928711,61.554901123046875,61.6525993347168,218001.0
2016-12-14,55.73079299926758,60.77330017089844,62.04349899291992,60.480201721191406,62.04349899291992,612059.0
2016-12-15,54.207611083984375,59.112300872802734,60.67559814453125,59.01459884643555,60.38249969482422,742605.0
2016-12-16,54.118011474609375,59.01459884643555,59.89390182495117,59.01459884643555,59.112300872802734,571072.0
2016-12-19,53.311580657958984,58.13520050048828,59.209999084472656,57.93980026245117,59.112300872802734,480142.0
2016-12-20,53.84923553466797,58.721500396728516,58.916900634765625,58.037498474121094,58.13520050048828,451844.0
2016-12-21,53.40116882324219,58.2328987121582,59.01459884643555,58.2328987121582,58.81919860839844,293738.0
2016-12-22,53.49076843261719,58.33060073852539,59.796199798583984,58.13520050048828,58.5260009765625,729843.0
2016-12-23,53.04279708862305,57.842098236083984,59.112300872802734,57.74440002441406,58.33060073852539,506724.0
2016-12-26,52.415645599365234,57.158199310302734,58.037498474121094,56.96269989013672,57.64670181274414,462394.0
2016-12-27,52.14677429199219,56.8650016784668,57.64670181274414,56.5718994140625,57.45130157470703,522178.0
2016-12-28,52.236366271972656,56.96269989013672,57.45130157470703,56.96269989013672,57.45130157470703,297863.0
2016-12-29,53.04279708862305,57.842098236083984,58.037498474121094,56.8650016784668,56.8650016784668,374595.0
2016-12-30,54.028419494628906,58.916900634765625,59.307701110839844,58.13520050048828,58.33060073852539,571151.0
2017-01-03,53.93882369995117,58.81919860839844,59.307701110839844,58.721500396728516,58.916900634765625,151754.0
2017-01-04,54.118011474609375,59.01459884643555,59.209999084472656,58.81919860839844,59.01459884643555,177217.0
2017-01-05,55.55160140991211,60.57789993286133,61.06639862060547,59.112300872802734,59.112300872802734,1155680.0
2017-01-06,55.99957275390625,61.06639862060547,61.45719909667969,60.1870002746582,60.57789993286133,762205.0
2017-01-09,56.35794448852539,61.45719909667969,62.33660125732422,61.164100646972656,61.554901123046875,739101.0
2017-01-10,55.82038116455078,60.87099838256836,61.75040054321289,60.089298248291016,61.75040054321289,431528.0
2017-01-11,55.372413635253906,60.38249969482422,61.359500885009766,60.38249969482422,60.96870040893555,394237.0
2017-01-12,55.372413635253906,60.38249969482422,60.87099838256836,60.1870002746582,60.480201721191406,353126.0
2017-01-13,54.83475875854492,59.796199798583984,60.2848014831543,59.69850158691406,60.2848014831543,263074.0
2017-01-16,54.83475875854492,59.796199798583984,60.089298248291016,59.405399322509766,60.089298248291016,128439.0
2017-01-17,54.565982818603516,59.50310134887695,59.796199798583984,59.405399322509766,59.796199798583984,136402.0
2017-01-18,55.10354232788086,60.089298248291016,60.38249969482422,59.50310134887695,59.50310134887695,138176.0
2017-01-19,54.83475875854492,59.796199798583984,60.77330017089844,59.600799560546875,60.57789993286133,238106.0
2017-01-20,55.82038116455078,60.87099838256836,61.06639862060547,59.89390182495117,59.89390182495117,502238.0
2017-01-23,55.19313430786133,60.1870002746582,61.164100646972656,60.1870002746582,60.87099838256836,200638.0
2017-01-24,54.92435836791992,59.89390182495117,60.38249969482422,59.69850158691406,60.1870002746582,286222.0
2017-02-02,55.01395034790039,59.991600036621094,60.480201721191406,59.69850158691406,59.89390182495117,152165.0
2017-02-03,55.462013244628906,60.480201721191406,60.87099838256836,60.089298248291016,60.38249969482422,222800.0
2017-02-06,55.82038116455078,60.87099838256836,61.6525993347168,60.1870002746582,60.57789993286133,519587.0
2017-02-07,55.372413635253906,60.38249969482422,61.164100646972656,60.1870002746582,60.87099838256836,340487.0
2017-02-08,58.41877746582031,63.704498291015625,64.68150329589844,60.77330017089844,60.77330017089844,2678514.0
2017-02-09,57.791534423828125,63.02050018310547,63.411399841308594,62.23889923095703,63.3135986328125,936532.0
2017-02-10,58.23959732055664,63.50910186767578,65.2677993774414,62.92279815673828,63.02050018310547,1460901.0
2017-02-13,59.13553237915039,64.48609924316406,65.2677993774414,63.99760055541992,64.19300079345703,1287426.0
2017-02-14,57.881126403808594,63.11819839477539,65.2677993774414,62.82509994506836,64.68150329589844,825549.0
2017-02-15,58.0603141784668,63.3135986328125,64.09529876708984,63.11819839477539,63.11819839477539,365784.0
2017-02-16,58.95634460449219,64.29070281982422,65.07240295410156,63.50910186767578,63.50910186767578,1181461.0
2017-02-17,61.55474090576172,67.12419891357422,67.12419891357422,63.899898529052734,64.7791976928711,2824804.0
2017-02-20,60.47952651977539,65.95169830322266,67.51499938964844,65.95169830322266,67.12419891357422,1318796.0
2017-02-21,59.673187255859375,65.07240295410156,66.24479675292969,64.19300079345703,66.24479675292969,784532.0
2017-02-22,59.85236740112305,65.2677993774414,65.75630187988281,64.68150329589844,65.46320343017578,459905.0
2017-02-23,59.493995666503906,64.87699890136719,65.95169830322266,64.68150329589844,64.97460174560547,423293.0
2017-02-24,59.85236740112305,65.2677993774414,66.34249877929688,64.87699890136719,64.87699890136719,779411.0
2017-03-01,59.85236740112305,65.2677993774414,65.2677993774414,64.58380126953125,65.2677993774414,353355.0
2017-03-02,59.40431213378906,64.7791976928711,65.95169830322266,64.09529876708984,65.95169830322266,568343.0
2017-03-03,59.493995666503906,64.87699890136719,65.07240295410156,64.19300079345703,65.07240295410156,356259.0
2017-03-06,60.03156280517578,65.46320343017578,65.65859985351562,64.97460174560547,65.07240295410156,510407.0
2017-03-07,60.7483024597168,66.24479675292969,67.02649688720703,65.65859985351562,65.95169830322266,1330055.0
2017-03-08,60.83789825439453,66.34249877929688,66.63569641113281,65.46320343017578,66.63569641113281,699785.0
2017-03-09,60.7483024597168,66.24479675292969,67.12419891357422,66.14710235595703,66.53790283203125,628989.0
2017-03-10,59.85236740112305,65.2677993774414,66.92880249023438,64.19300079345703,66.92880249023438,693667.0
2017-03-13,59.762779235839844,65.17009735107422,66.04940032958984,64.7791976928711,65.46320343017578,390215.0
2017-03-14,59.583499908447266,64.97460174560547,65.3655014038086,64.7791976928711,65.07240295410156,357378.0
2017-03-15,59.22512435913086,64.58380126953125,65.07240295410156,64.58380126953125,64.87699890136719,283585.0
2017-03-16,59.40431213378906,64.7791976928711,65.07240295410156,63.899898529052734,64.7791976928711,549942.0
2017-03-17,58.50837707519531,63.80220031738281,64.7791976928711,63.50910186767578,64.7791976928711,509285.0
2017-03-20,57.970726013183594,63.21590042114258,63.899898529052734,62.92279815673828,63.50910186767578,487088.0
2017-03-21,57.16438293457031,62.33660125732422,63.3135986328125,62.23889923095703,63.02050018310547,487280.0
2017-03-22,57.61235046386719,62.82509994506836,63.21590042114258,61.26179885864258,61.84809875488281,420366.0
2017-03-23,58.0603141784668,63.3135986328125,63.6068000793457,62.92279815673828,62.92279815673828,329492.0
2017-03-24,58.50837707519531,63.80220031738281,63.99760055541992,63.21590042114258,63.50910186767578,258954.0
2017-03-27,58.32918930053711,63.6068000793457,64.19300079345703,63.50910186767578,63.899898529052734,332753.0
2017-03-28,57.433162689208984,62.62969970703125,63.80220031738281,61.75040054321289,63.80220031738281,314232.0
2017-03-29,57.07478713989258,62.23889923095703,63.21590042114258,62.04349899291992,62.82509994506836,283978.0
2017-03-30,57.970726013183594,63.21590042114258,63.899898529052734,62.33660125732422,62.72740173339844,291694.0
2017-03-31,58.23959732055664,63.50910186767578,63.704498291015625,62.92279815673828,63.02050018310547,192785.0
2017-04-05,59.762779235839844,65.17009735107422,65.85399627685547,63.99760055541992,63.99760055541992,982939.0
2017-04-06,60.03156280517578,65.46320343017578,65.95169830322266,64.7791976928711,65.65859985351562,534471.0
2017-04-07,61.55474090576172,67.12419891357422,67.41729736328125,65.2677993774414,65.75630187988281,1520364.0
2017-04-10,61.017093658447266,66.53790283203125,67.41729736328125,65.95169830322266,67.12419891357422,792068.0
2017-04-11,61.017093658447266,66.53790283203125,67.3196029663086,65.65859985351562,67.3196029663086,750619.0
2017-04-12,59.314720153808594,64.68150329589844,67.3196029663086,64.68150329589844,67.02649688720703,1166607.0
2017-04-13,59.493995666503906,64.87699890136719,65.65859985351562,64.87699890136719,64.97460174560547,371910.0
2017-04-14,58.41877746582031,63.704498291015625,65.75630187988281,63.704498291015625,64.87699890136719,457018.0
2017-04-17,57.25397491455078,62.43429946899414,63.50910186767578,62.23889923095703,63.411399841308594,479216.0
2017-04-18,57.881126403808594,63.11819839477539,63.411399841308594,62.72740173339844,63.02050018310547,357490.0
2017-04-19,57.881126403808594,63.11819839477539,63.3135986328125,62.62969970703125,63.11819839477539,282950.0
2017-04-20,59.762779235839844,65.17009735107422,66.04940032958984,63.11819839477539,63.11819839477539,1276201.0
2017-04-21,61.64433670043945,67.2219009399414,67.90579986572266,65.75630187988281,66.14710235595703,1916012.0
2017-04-24,61.73392868041992,67.3196029663086,68.00350189208984,66.14710235595703,67.41729736328125,693238.0
2017-04-25,61.10676956176758,66.63569641113281,68.29669952392578,66.53790283203125,67.90579986572266,630467.0
2017-04-26,60.03156280517578,65.46320343017578,67.2219009399414,65.46320343017578,66.92880249023438,801424.0
2017-04-27,60.92749786376953,66.44020080566406,66.83110046386719,64.58380126953125,65.75630187988281,715579.0
2017-04-28,60.7483024597168,66.24479675292969,66.92880249023438,66.04940032958984,66.7333984375,414560.0
2017-05-02,60.30033874511719,65.75630187988281,66.92880249023438,65.56089782714844,66.83110046386719,325638.0
2017-05-03,59.493995666503906,64.87699890136719,66.04940032958984,64.68150329589844,65.95169830322266,410791.0
2017-05-04,59.314720153808594,64.68150329589844,65.46320343017578,64.68150329589844,65.3655014038086,411679.0
2017-05-05,58.687564849853516,63.99760055541992,65.07240295410156,63.704498291015625,64.68150329589844,408387.0
2017-05-08,58.77715301513672,64.09529876708984,64.09529876708984,63.704498291015625,63.99760055541992,183208.0
2017-05-09,57.791534423828125,63.02050018310547,64.38839721679688,62.92279815673828,63.80220031738281,715764.0
2017-05-10,58.95634460449219,64.29070281982422,64.68150329589844,63.50910186767578,64.29070281982422,578265.0
2017-05-11,58.95634460449219,64.29070281982422,65.17009735107422,64.29070281982422,64.7791976928711,411740.0
2017-05-12,59.045936584472656,64.38839721679688,64.87699890136719,64.29070281982422,64.38839721679688,168023.0
2017-05-15,61.10676956176758,66.63569641113281,66.63569641113281,64.48609924316406,64.48609924316406,1128030.0
2017-05-16,61.017093658447266,66.53790283203125,68.00350189208984,66.14710235595703,67.61270141601562,1342543.0
2017-05-17,60.7483024597168,66.24479675292969,67.41729736328125,65.75630187988281,67.41729736328125,475917.0
2017-05-18,61.37556076049805,66.92880249023438,67.12419891357422,65.2677993774414,65.46320343017578,626054.0
2017-05-19,60.7483024597168,66.24479675292969,67.3196029663086,66.24479675292969,67.3196029663086,359489.0
2017-05-22,60.389930725097656,65.85399627685547,66.92880249023438,65.46320343017578,66.63569641113281,284529.0
2017-05-23,60.03156280517578,65.46320343017578,66.34249877929688,65.46320343017578,66.24479675292969,355187.0
2017-05-24,60.30033874511719,65.75630187988281,66.14710235595703,65.46320343017578,65.85399627685547,214745.0
2017-05-25,60.7483024597168,66.24479675292969,66.24479675292969,65.07240295410156,65.95169830322266,426051.0
2017-05-26,60.12115478515625,65.56089782714844,67.02649688720703,65.56089782714844,66.34249877929688,398179.0
2017-05-31,59.13553237915039,64.48609924316406,65.56089782714844,64.48609924316406,65.56089782714844,405981.0
2017-06-01,59.583499908447266,64.97460174560547,65.17009735107422,64.58380126953125,64.7791976928711,231306.0
2017-06-02,60.21074295043945,65.65859985351562,66.04940032958984,65.17009735107422,65.3655014038086,370404.0
2017-06-05,60.56911849975586,66.04940032958984,66.92880249023438,65.95169830322266,66.92880249023438,435080.0
2017-06-06,61.37556076049805,66.92880249023438,67.2219009399414,65.95169830322266,66.24479675292969,940985.0
2017-06-07,60.56911849975586,66.04940032958984,67.51499938964844,66.04940032958984,67.3196029663086,581351.0
2017-06-08,61.10676956176758,66.63569641113281,67.2219009399414,65.75630187988281,66.44020080566406,441779.0
2017-06-09,62.18189239501953,67.80809783935547,70.1530990600586,67.02649688720703,67.02649688720703,3061273.0
2017-06-12,66.66193389892578,72.69349670410156,72.69349670410156,68.58979797363281,69.37139892578125,6395466.0
2017-06-13,65.94509887695312,71.91179656982422,74.15899658203125,71.81410217285156,73.37740325927734,3354885.0
2017-06-14,63.615482330322266,69.37139892578125,72.595703125,68.98059844970703,72.20490264892578,3008712.0
2017-06-15,63.97395324707031,69.76229858398438,71.03240203857422,68.49210357666016,69.46910095214844,1673388.0
2017-06-16,63.705081939697266,69.46910095214844,69.76229858398438,69.07830047607422,69.76229858398438,677680.0
2017-06-19,64.95948028564453,70.83699798583984,72.30259704589844,69.66459655761719,70.44619750976562,1611681.0
2017-06-20,64.86988830566406,70.73930358886719,71.13009643554688,70.1530990600586,70.54389953613281,893331.0
2017-06-21,64.15313720703125,69.95770263671875,71.91179656982422,69.95770263671875,70.73930358886719,1199137.0
2017-06-22,65.58673095703125,71.52100372314453,72.30259704589844,70.54389953613281,70.73930358886719,2570543.0
2017-06-23,65.40753936767578,71.32559967041016,72.40029907226562,70.73930358886719,72.1072006225586,1429438.0
2017-06-26,65.31794738769531,71.22789764404297,73.18199920654297,71.13009643554688,72.1072006225586,2204618.0
2017-06-27,63.88435745239258,69.66459655761719,71.22789764404297,69.46910095214844,71.22789764404297,1304379.0
2017-06-28,63.43629455566406,69.1760025024414,70.1530990600586,68.98059844970703,69.46910095214844,854461.0
2017-06-29,63.167510986328125,68.88289642333984,69.95770263671875,68.78520202636719,69.37139892578125,690130.0
2017-06-30,63.52589416503906,69.27369689941406,69.76229858398438,68.6875,68.78520202636719,415005.0
2017-07-03,62.89873123168945,68.58979797363281,69.76229858398438,68.39440155029297,69.27369689941406,637961.0
2017-07-04,61.46514129638672,67.02649688720703,68.39440155029297,67.02649688720703,68.39440155029297,1209354.0
2017-07-05,61.64433670043945,67.2219009399414,67.80809783935547,66.53790283203125,67.02649688720703,607949.0
2017-07-06,62.00270462036133,67.61270141601562,67.61270141601562,66.92880249023438,67.41729736328125,404302.0
2017-07-07,60.30033874511719,65.75630187988281,67.61270141601562,65.17009735107422,67.61270141601562,824053.0
2017-07-10,60.7483024597168,66.24479675292969,66.92880249023438,65.95169830322266,66.44020080566406,419728.0
2017-07-11,61.10676956176758,66.63569641113281,66.92880249023438,66.34249877929688,66.34249877929688,274701.0
2017-07-12,61.823524475097656,67.41729736328125,68.1011962890625,66.7333984375,67.02649688720703,836019.0
2017-07-13,61.10676956176758,66.63569641113281,68.58979797363281,67.51499938964844,67.51499938964844,1147441.0
2017-07-14,61.94869613647461,66.14710235595703,66.92880249023438,66.14710235595703,66.63569641113281,690174.0
2017-07-17,62.04018783569336,66.24479675292969,67.2219009399414,65.56089782714844,66.14710235595703,360044.0
2017-07-18,62.68077850341797,66.92880249023438,66.92880249023438,66.04940032958984,66.44020080566406,323521.0
2017-07-19,62.58928298950195,66.83110046386719,67.3196029663086,66.53790283203125,67.3196029663086,383490.0
2017-07-20,62.13168716430664,66.34249877929688,67.2219009399414,66.24479675292969,66.63569641113281,360670.0
2017-07-21,63.41277313232422,67.71040344238281,67.90579986572266,66.44020080566406,66.63569641113281,957464.0
2017-07-24,63.50426483154297,67.80809783935547,68.00350189208984,67.2219009399414,67.90579986572266,337074.0
2017-07-25,63.32126998901367,67.61270141601562,67.90579986572266,67.2219009399414,67.71040344238281,244736.0
2017-07-26,64.05335998535156,68.39440155029297,69.1760025024414,67.90579986572266,67.90579986572266,1053441.0
2017-07-27,64.2363510131836,68.58979797363281,69.1760025024414,68.00350189208984,69.1760025024414,430531.0
2017-07-28,63.68727111816406,68.00350189208984,69.1760025024414,67.90579986572266,68.78520202636719,684829.0
2017-07-31,63.77876281738281,68.1011962890625,68.6875,67.90579986572266,67.90579986572266,306264.0
2017-08-01,64.87684631347656,69.27369689941406,70.0553970336914,68.29669952392578,68.29669952392578,733045.0
2017-08-02,64.2363510131836,68.58979797363281,69.76229858398438,68.58979797363281,69.76229858398438,464661.0
2017-08-03,63.32126998901367,67.61270141601562,69.07830047607422,67.3196029663086,68.58979797363281,554788.0
2017-08-04,63.68727111816406,68.00350189208984,68.39440155029297,67.51499938964844,67.71040344238281,368861.0
2017-08-07,64.69384765625,69.07830047607422,69.37139892578125,68.39440155029297,68.78520202636719,596331.0
2017-08-08,63.59576416015625,67.90579986572266,69.27369689941406,67.80809783935547,69.27369689941406,372802.0
2017-08-09,62.77227020263672,67.02649688720703,68.29669952392578,66.92880249023438,67.90579986572266,448442.0
2017-08-10,62.22319412231445,66.44020080566406,67.61270141601562,65.56089782714844,67.41729736328125,723799.0
2017-08-11,61.12520217895508,65.2677993774414,66.14710235595703,64.87699890136719,65.75630187988281,792693.0
2017-08-14,59.02054214477539,63.02050018310547,65.56089782714844,61.75040054321289,65.2677993774414,914775.0
2017-08-15,59.84412384033203,63.899898529052734,65.3655014038086,63.704498291015625,64.09529876708984,605533.0
2017-08-16,61.21670150756836,65.3655014038086,65.3655014038086,62.53200149536133,63.80220031738281,879262.0
2017-08-17,61.12520217895508,65.2677993774414,65.85399627685547,64.97460174560547,65.3655014038086,504736.0
2017-08-18,62.04018783569336,66.24479675292969,66.63569641113281,64.58380126953125,65.17009735107422,732044.0
2017-08-21,61.39970016479492,65.56089782714844,66.24479675292969,65.07240295410156,66.24479675292969,460574.0
2017-08-22,62.49777603149414,66.7333984375,66.7333984375,65.56089782714844,66.24479675292969,636931.0
2017-08-23,63.49668502807617,67.80000305175781,68.30000305175781,67.5999984741211,67.9000015258789,518328.0
2017-08-24,63.59033966064453,67.9000015258789,68.4000015258789,67.80000305175781,68.0,401399.0
2017-08-25,65.08877563476562,69.5,69.69999694824219,67.9000015258789,67.9000015258789,602484.0
2017-08-28,66.11896514892578,70.5999984741211,71.30000305175781,69.0999984741211,69.69999694824219,987385.0
2017-08-29,65.74435424804688,70.19999694824219,71.19999694824219,69.9000015258789,71.19999694824219,628159.0
2017-08-30,66.3062744140625,70.80000305175781,71.0999984741211,70.30000305175781,70.9000015258789,666930.0
2017-08-31,69.30316162109375,74.0,74.0,70.80000305175781,71.0,3673642.0
2017-09-01,67.89836883544922,72.5,75.0,72.5,75.0,2538651.0
2017-09-04,67.99202728271484,72.5999984741211,73.80000305175781,71.5,72.5,1189883.0
2017-09-05,70.23969268798828,75.0,75.9000015258789,73.0,73.0,2931965.0
2017-09-06,69.20951080322266,73.9000015258789,76.80000305175781,73.0,75.19999694824219,2059946.0
2017-09-07,68.17933654785156,72.80000305175781,74.69999694824219,72.80000305175781,74.4000015258789,983020.0
2017-09-08,69.49046325683594,74.19999694824219,74.80000305175781,73.0,73.5,1223336.0
2017-09-11,68.74124908447266,73.4000015258789,75.5999984741211,73.30000305175781,74.80000305175781,776417.0
2017-09-12,67.71106719970703,72.30000305175781,73.5,71.0999984741211,73.4000015258789,878516.0
2017-09-13,68.55393981933594,73.19999694824219,73.4000015258789,72.4000015258789,72.5,604135.0
2017-09-14,67.99202728271484,72.5999984741211,73.9000015258789,71.80000305175781,73.80000305175781,359716.0
2017-09-15,67.3364486694336,71.9000015258789,73.19999694824219,71.9000015258789,73.0,369907.0
2017-09-18,68.0856704711914,72.69999694824219,73.5,72.19999694824219,72.5,478001.0
2017-09-19,67.89836883544922,72.5,73.5,72.30000305175781,72.69999694824219,365000.0
2017-09-20,66.86819458007812,71.4000015258789,73.0,71.4000015258789,73.0,545332.0
2017-09-21,66.7745361328125,71.30000305175781,72.0999984741211,71.0999984741211,71.5999984741211,397112.0
2017-09-22,67.43010711669922,72.0,73.0,71.4000015258789,71.80000305175781,771464.0
2017-09-25,64.33956146240234,68.69999694824219,72.0,68.30000305175781,72.0,1125380.0
2017-09-26,65.55704498291016,70.0,73.0,68.9000015258789,68.9000015258789,1703434.0
2017-09-27,65.36974334716797,69.80000305175781,71.0,69.5,71.0,607100.0
2017-09-28,65.36974334716797,69.80000305175781,70.9000015258789,69.80000305175781,70.0999984741211,395000.0
2017-09-29,65.18243408203125,69.5999984741211,70.5999984741211,68.69999694824219,70.0,646455.0
2017-10-02,65.9316635131836,70.4000015258789,71.5,69.4000015258789,70.30000305175781,721915.0
2017-10-03,65.36974334716797,69.80000305175781,71.0,69.80000305175781,71.0,426001.0
2017-10-05,65.46339416503906,69.9000015258789,70.4000015258789,69.5999984741211,70.0,363665.0
2017-10-06,65.18243408203125,69.5999984741211,70.4000015258789,69.5,70.4000015258789,282458.0
2017-10-11,63.59033966064453,67.9000015258789,69.5,67.9000015258789,69.5,1114955.0
2017-10-12,63.02842330932617,67.30000305175781,68.0,67.0999984741211,67.9000015258789,862836.0
2017-10-13,63.49668502807617,67.80000305175781,68.19999694824219,67.30000305175781,67.30000305175781,850667.0
2017-10-16,64.24590301513672,68.5999984741211,69.0999984741211,68.0,68.0999984741211,745512.0
2017-10-17,63.30937576293945,67.5999984741211,69.0999984741211,67.5999984741211,69.0,533446.0
2017-10-18,63.68398666381836,68.0,68.5999984741211,67.5999984741211,68.0999984741211,533018.0
2017-10-19,64.80782318115234,69.19999694824219,69.5,68.30000305175781,68.5999984741211,865745.0
2017-10-20,64.15225982666016,68.5,68.9000015258789,68.19999694824219,68.9000015258789,476212.0
2017-10-23,64.24590301513672,68.5999984741211,69.19999694824219,68.30000305175781,68.5999984741211,417841.0
2017-10-24,66.3999252319336,70.9000015258789,70.9000015258789,68.5,69.0,1482238.0
2017-10-25,65.65069580078125,70.0999984741211,71.0999984741211,70.0,71.0,962555.0
2017-10-26,64.90147399902344,69.30000305175781,70.5999984741211,69.19999694824219,70.5999984741211,639246.0
2017-10-27,64.15225982666016,68.5,69.9000015258789,68.5,69.5,592116.0
2017-10-30,64.33956146240234,68.69999694824219,69.30000305175781,68.0999984741211,69.19999694824219,410900.0
2017-10-31,63.9649543762207,68.30000305175781,69.4000015258789,68.30000305175781,69.0999984741211,292777.0
2017-11-01,64.52686309814453,68.9000015258789,69.30000305175781,68.5,69.0,238976.0
2017-11-02,64.62051391601562,69.0,70.19999694824219,68.9000015258789,69.19999694824219,587548.0
2017-11-03,64.80782318115234,69.19999694824219,69.9000015258789,68.9000015258789,69.80000305175781,391065.0
2017-11-06,66.96183776855469,71.5,71.5,69.5999984741211,70.19999694824219,1735857.0
2017-11-07,66.58722686767578,71.0999984741211,71.69999694824219,70.5,71.69999694824219,768713.0
2017-11-08,66.3062744140625,70.80000305175781,71.69999694824219,70.5999984741211,71.0999984741211,574041.0
2017-11-09,64.71416473388672,69.0999984741211,72.19999694824219,69.0,70.80000305175781,1510043.0
2017-11-10,65.18243408203125,69.5999984741211,70.80000305175781,69.0,70.0,1379261.0
2017-11-13,64.24590301513672,68.5999984741211,69.9000015258789,68.19999694824219,69.9000015258789,619687.0
2017-11-14,62.93476104736328,67.19999694824219,67.5,66.30000305175781,67.5,1501713.0
2017-11-15,62.93476104736328,67.19999694824219,67.4000015258789,66.69999694824219,66.80000305175781,413926.0
2017-11-16,63.30937576293945,67.5999984741211,67.80000305175781,67.0,67.19999694824219,271798.0
2017-11-17,63.30937576293945,67.5999984741211,68.0999984741211,67.5,68.0,309532.0
2017-11-20,64.71416473388672,69.0999984741211,69.19999694824219,67.30000305175781,67.69999694824219,668321.0
2017-11-21,64.71416473388672,69.0999984741211,69.5,68.69999694824219,69.30000305175781,609853.0
2017-11-22,64.05860137939453,68.4000015258789,70.30000305175781,68.4000015258789,69.5,606850.0
2017-11-23,63.30937576293945,67.5999984741211,68.5999984741211,67.5999984741211,68.5999984741211,444685.0
2017-11-24,63.40303039550781,67.69999694824219,68.0999984741211,67.30000305175781,68.0999984741211,359160.0
2017-11-27,63.21572494506836,67.5,69.5999984741211,67.19999694824219,69.5999984741211,614267.0
2017-11-28,63.1220703125,67.4000015258789,68.0,67.0,67.5,343286.0
2017-11-29,62.65380859375,66.9000015258789,67.80000305175781,66.80000305175781,67.80000305175781,385792.0
2017-11-30,62.09189224243164,66.30000305175781,67.80000305175781,66.30000305175781,66.80000305175781,701514.0
2017-12-01,61.061702728271484,65.19999694824219,66.69999694824219,64.5999984741211,66.5,903635.0
2017-12-04,62.37284469604492,66.5999984741211,66.69999694824219,65.30000305175781,66.5999984741211,316491.0
2017-12-05,61.717281341552734,65.9000015258789,67.30000305175781,65.9000015258789,66.30000305175781,432137.0
2017-12-06,61.155364990234375,65.30000305175781,66.69999694824219,64.69999694824219,66.0,468006.0
2017-12-07,61.34266662597656,65.5,66.0,65.30000305175781,65.5999984741211,359885.0
2017-12-08,61.52996826171875,65.69999694824219,66.19999694824219,65.0,65.5999984741211,320702.0
2017-12-11,62.18553924560547,66.4000015258789,66.80000305175781,66.0,66.4000015258789,376832.0
2017-12-12,61.99822998046875,66.19999694824219,66.80000305175781,65.80000305175781,66.5999984741211,289251.0
2017-12-13,62.09189224243164,66.30000305175781,67.4000015258789,66.19999694824219,66.19999694824219,610128.0
2017-12-14,61.155364990234375,65.30000305175781,66.5999984741211,65.0,66.5,591556.0
2017-12-15,60.68709945678711,64.80000305175781,65.30000305175781,64.4000015258789,65.30000305175781,758031.0
2017-12-18,59.56325912475586,63.599998474121094,64.80000305175781,63.599998474121094,64.80000305175781,682450.0
2017-12-19,60.218833923339844,64.30000305175781,64.69999694824219,63.79999923706055,64.0,382755.0
2017-12-20,60.031524658203125,64.0999984741211,64.5,63.70000076293945,64.30000305175781,193192.0
2017-12-21,60.218833923339844,64.30000305175781,64.9000015258789,64.0999984741211,64.0999984741211,198166.0
2017-12-22,60.499786376953125,64.5999984741211,65.30000305175781,64.19999694824219,64.80000305175781,269761.0
2017-12-25,60.218833923339844,64.30000305175781,64.80000305175781,64.0999984741211,64.5,96218.0
2017-12-26,59.28229904174805,63.29999923706055,64.5,63.29999923706055,64.5,421814.0
2017-12-27,59.0013427734375,63.0,63.599998474121094,63.0,63.29999923706055,330686.0
2017-12-28,59.4696044921875,63.5,63.70000076293945,63.0,63.29999923706055,267818.0
2017-12-29,60.12517547607422,64.19999694824219,64.5999984741211,63.20000076293945,63.900001525878906,409879.0
2018-01-02,60.499786376953125,64.5999984741211,64.69999694824219,64.19999694824219,64.19999694824219,194668.0
2018-01-03,60.499786376953125,64.5999984741211,65.0,64.30000305175781,65.0,253041.0
2018-01-04,59.4696044921875,63.5,64.5999984741211,63.20000076293945,64.5999984741211,590750.0
2018-01-05,58.72038269042969,62.70000076293945,63.599998474121094,62.400001525878906,63.5,788160.0
2018-01-08,58.15846252441406,62.099998474121094,63.20000076293945,62.0,62.70000076293945,539456.0
2018-01-09,58.06481170654297,62.0,62.5,62.0,62.20000076293945,258759.0
2018-01-10,57.971160888671875,61.900001525878906,62.79999923706055,61.599998474121094,62.0,495507.0
2018-01-11,58.345767974853516,62.29999923706055,62.599998474121094,62.099998474121094,62.29999923706055,223392.0
2018-01-12,57.877506256103516,61.79999923706055,62.599998474121094,61.599998474121094,62.29999923706055,491341.0
2018-01-15,60.96805191040039,65.0999984741211,65.9000015258789,62.5,62.599998474121094,1732054.0
2018-01-16,60.593441009521484,64.69999694824219,66.0,64.30000305175781,65.0999984741211,1229925.0
2018-01-17,59.84421920776367,63.900001525878906,64.80000305175781,63.79999923706055,64.69999694824219,512211.0
2018-01-18,59.56325912475586,63.599998474121094,64.4000015258789,63.599998474121094,63.599998474121094,376338.0
2018-01-19,58.81403350830078,62.79999923706055,64.0999984741211,62.79999923706055,63.70000076293945,572352.0
2018-01-22,59.4696044921875,63.5,64.5999984741211,63.0,63.29999923706055,949927.0
2018-01-23,60.593441009521484,64.69999694824219,65.19999694824219,63.400001525878906,63.400001525878906,1348914.0
2018-01-24,60.40613555908203,64.5,65.5999984741211,64.19999694824219,65.0999984741211,952693.0
2018-01-25,60.218833923339844,64.30000305175781,65.0,64.30000305175781,65.0,399405.0
2018-01-26,60.218833923339844,64.30000305175781,65.0,64.30000305175781,64.69999694824219,467224.0
2018-01-29,59.56325912475586,63.599998474121094,64.5999984741211,63.5,64.5999984741211,435281.0
2018-01-30,58.90768814086914,62.900001525878906,63.900001525878906,62.79999923706055,63.599998474121094,323550.0
2018-01-31,58.81403350830078,62.79999923706055,62.79999923706055,62.099998474121094,62.5,299408.0
2018-02-01,59.375953674316406,63.400001525878906,63.400001525878906,62.79999923706055,63.0,213751.0
2018-02-02,59.4696044921875,63.5,63.599998474121094,62.79999923706055,63.400001525878906,202617.0
2018-02-05,58.90768814086914,62.900001525878906,62.900001525878906,62.0,62.0,243496.0
2018-02-06,56.75366973876953,60.599998474121094,62.0,59.599998474121094,61.900001525878906,1167463.0
2018-02-07,56.847328186035156,60.70000076293945,61.599998474121094,60.599998474121094,61.099998474121094,273823.0
2018-02-08,57.6901969909668,61.599998474121094,63.20000076293945,61.599998474121094,62.099998474121094,692655.0
2018-02-09,57.409244537353516,61.29999923706055,61.79999923706055,60.099998474121094,61.79999923706055,423991.0
2018-02-12,56.94097900390625,60.79999923706055,61.900001525878906,60.5,61.70000076293945,352450.0
2018-02-21,57.59654998779297,61.5,62.29999923706055,61.20000076293945,61.20000076293945,277690.0
2018-02-22,59.094993591308594,63.099998474121094,63.5,61.900001525878906,62.0,818302.0
2018-02-23,58.90768814086914,62.900001525878906,63.599998474121094,62.599998474121094,63.5,207105.0
2018-02-26,58.533077239990234,62.5,63.29999923706055,62.5,62.79999923706055,228835.0
2018-02-27,58.06481170654297,62.0,62.79999923706055,62.0,62.5,241839.0
2018-03-01,58.62672805786133,62.599998474121094,62.599998474121094,61.900001525878906,62.400001525878906,226494.0
2018-03-02,58.72038269042969,62.70000076293945,63.099998474121094,62.20000076293945,62.5,317282.0
2018-03-05,58.72038269042969,62.70000076293945,63.20000076293945,62.599998474121094,63.20000076293945,219735.0
2018-03-06,59.28229904174805,63.29999923706055,63.900001525878906,62.79999923706055,63.0,932342.0
2018-03-07,59.937870025634766,64.0,65.0999984741211,63.5,63.5,770896.0
2018-03-08,60.31248474121094,64.4000015258789,65.5,64.30000305175781,64.5999984741211,816422.0
2018-03-09,60.40613555908203,64.5,65.0,64.0,64.69999694824219,320266.0
2018-03-12,59.65691375732422,63.70000076293945,64.80000305175781,63.70000076293945,64.80000305175781,358816.0
2018-03-13,60.12517547607422,64.19999694824219,64.5,63.70000076293945,64.0,195244.0
2018-03-14,61.62362289428711,65.80000305175781,66.0999984741211,64.19999694824219,64.69999694824219,1922522.0
2018-03-15,61.52996826171875,65.69999694824219,66.0999984741211,65.19999694824219,65.9000015258789,711706.0
2018-03-16,61.717281341552734,65.9000015258789,66.0,65.4000015258789,65.9000015258789,476401.0
2018-03-19,61.717281341552734,65.9000015258789,66.4000015258789,65.5,66.4000015258789,434550.0
2018-03-20,61.24901580810547,65.4000015258789,65.80000305175781,65.19999694824219,65.80000305175781,396937.0
2018-03-21,61.061702728271484,65.19999694824219,65.80000305175781,64.80000305175781,65.5,479604.0
2018-03-22,60.031524658203125,64.0999984741211,65.69999694824219,63.900001525878906,65.5,859876.0
2018-03-23,58.72038269042969,62.70000076293945,63.20000076293945,62.099998474121094,62.5,496144.0
2018-03-26,59.937870025634766,64.0,64.9000015258789,62.20000076293945,62.400001525878906,656514.0
2018-03-27,59.84421920776367,63.900001525878906,66.0,63.79999923706055,65.0,1277169.0
2018-03-28,61.90458297729492,66.0999984741211,66.30000305175781,64.0999984741211,64.19999694824219,1941552.0
2018-03-29,63.87129211425781,68.19999694824219,68.69999694824219,65.80000305175781,66.5,5027039.0
2018-03-30,64.24590301513672,68.5999984741211,69.9000015258789,67.5999984741211,69.0,2820498.0
2018-04-02,64.15225982666016,68.5,70.69999694824219,68.5,70.0,2124061.0
2018-04-03,63.30937576293945,67.5999984741211,68.0999984741211,67.30000305175781,68.0,979669.0
2018-04-09,64.62051391601562,69.0,69.69999694824219,66.80000305175781,68.0,1204816.0
2018-04-10,63.30937576293945,67.5999984741211,69.4000015258789,67.0,69.0,867055.0
2018-04-11,65.08877563476562,69.5,69.5,67.5,68.9000015258789,1516855.0
2018-04-12,64.24590301513672,68.5999984741211,70.9000015258789,68.5999984741211,70.19999694824219,1762999.0
2018-04-13,63.30937576293945,67.5999984741211,69.5999984741211,67.5999984741211,69.19999694824219,1008968.0
2018-04-16,62.747459411621094,67.0,68.19999694824219,67.0,67.9000015258789,726698.0
2018-04-17,62.93476104736328,67.19999694824219,68.4000015258789,66.80000305175781,67.30000305175781,1313018.0
2018-04-18,64.43321228027344,68.80000305175781,68.80000305175781,66.80000305175781,67.19999694824219,989450.0
2018-04-19,66.3062744140625,70.80000305175781,72.0999984741211,69.19999694824219,70.0,4264785.0
2018-04-20,65.36974334716797,69.80000305175781,71.19999694824219,69.19999694824219,71.0999984741211,1813868.0
2018-04-23,66.3999252319336,70.9000015258789,72.9000015258789,69.30000305175781,70.0999984741211,3527919.0
2018-04-24,63.49668502807617,67.80000305175781,71.5,67.0999984741211,71.4000015258789,1908795.0
2018-04-25,63.87129211425781,68.19999694824219,69.19999694824219,67.0999984741211,67.80000305175781,925553.0
2018-04-26,60.96805191040039,65.0999984741211,69.19999694824219,65.0,68.5999984741211,1350925.0
2018-04-27,60.8744010925293,65.0,66.30000305175781,63.900001525878906,65.80000305175781,902186.0
2018-04-30,61.24901580810547,65.4000015258789,66.19999694824219,65.0,65.0,378025.0
2018-05-02,61.061702728271484,65.19999694824219,65.9000015258789,65.0999984741211,65.5999984741211,286481.0
2018-05-03,60.68709945678711,64.80000305175781,65.5999984741211,64.5,65.19999694824219,498470.0
2018-05-04,60.218833923339844,64.30000305175781,65.0999984741211,63.0,65.0999984741211,873862.0
2018-05-07,59.75056457519531,63.79999923706055,64.5,63.29999923706055,64.30000305175781,353944.0
2018-05-08,59.84421920776367,63.900001525878906,64.69999694824219,63.5,64.0999984741211,360099.0
2018-05-09,59.84421920776367,63.900001525878906,64.5,63.099998474121094,64.0999984741211,551842.0
2018-05-10,60.68709945678711,64.80000305175781,65.0999984741211,63.29999923706055,63.29999923706055,563732.0
2018-05-11,59.75056457519531,63.79999923706055,65.9000015258789,63.79999923706055,64.80000305175781,926764.0
2018-05-14,59.28229904174805,63.29999923706055,64.0999984741211,63.099998474121094,64.0999984741211,462816.0
2018-05-15,58.81403350830078,62.79999923706055,63.79999923706055,62.79999923706055,63.29999923706055,522048.0
2018-05-16,58.15846252441406,62.099998474121094,63.599998474121094,62.0,62.599998474121094,580582.0
2018-05-17,57.783851623535156,61.70000076293945,62.5,61.20000076293945,62.20000076293945,534667.0
2018-05-18,57.877506256103516,61.79999923706055,62.099998474121094,61.70000076293945,62.099998474121094,216406.0
2018-05-21,58.15846252441406,62.099998474121094,62.400001525878906,61.79999923706055,62.099998474121094,197016.0
2018-05-22,57.59654998779297,61.5,62.5,61.5,62.099998474121094,363928.0
2018-05-23,57.6901969909668,61.599998474121094,62.0,61.599998474121094,61.599998474121094,361065.0
2018-05-24,57.971160888671875,61.900001525878906,62.400001525878906,61.79999923706055,62.099998474121094,175670.0
2018-05-25,57.502899169921875,61.400001525878906,62.20000076293945,61.20000076293945,62.0,273051.0
2018-05-28,57.03463363647461,60.900001525878906,61.5,60.79999923706055,61.20000076293945,427926.0
2018-05-29,56.37906265258789,60.20000076293945,61.20000076293945,59.79999923706055,61.20000076293945,934036.0
2018-05-30,56.09810256958008,59.900001525878906,60.20000076293945,59.5,60.20000076293945,515048.0
2018-05-31,56.75366973876953,60.599998474121094,60.900001525878906,59.900001525878906,60.20000076293945,413894.0
2018-06-01,57.315589904785156,61.20000076293945,61.599998474121094,60.79999923706055,60.900001525878906,420851.0
2018-06-04,57.59654998779297,61.5,61.900001525878906,61.29999923706055,61.400001525878906,323495.0
2018-06-05,57.1282844543457,61.0,61.79999923706055,60.79999923706055,61.79999923706055,327404.0
2018-06-06,57.2219352722168,61.099998474121094,61.400001525878906,60.400001525878906,61.0,422520.0
2018-06-07,56.75366973876953,60.599998474121094,61.20000076293945,60.599998474121094,61.20000076293945,198501.0
2018-06-08,56.66001892089844,60.5,61.400001525878906,60.5,61.400001525878906,195220.0
2018-06-11,57.1282844543457,61.0,62.0,60.900001525878906,61.79999923706055,441235.0
2018-06-12,57.502899169921875,61.400001525878906,61.79999923706055,60.900001525878906,61.599998474121094,339000.0
2018-06-13,57.03463363647461,60.900001525878906,61.900001525878906,60.900001525878906,61.599998474121094,418721.0
2018-06-14,56.66001892089844,60.5,61.20000076293945,60.5,61.099998474121094,269103.0
2018-06-15,56.847328186035156,60.70000076293945,60.900001525878906,60.5,60.900001525878906,123593.0
2018-06-19,56.28540802001953,60.099998474121094,60.70000076293945,59.900001525878906,60.20000076293945,366491.0
2018-06-20,56.66001892089844,60.5,61.20000076293945,59.900001525878906,60.70000076293945,436300.0
2018-06-21,57.315589904785156,61.20000076293945,61.599998474121094,60.79999923706055,61.0,400041.0
2018-06-22,57.1282844543457,61.0,61.5,60.79999923706055,61.29999923706055,159023.0
2018-06-25,57.1282844543457,61.0,61.599998474121094,60.79999923706055,61.599998474121094,145994.0
2018-06-26,56.28540802001953,60.099998474121094,61.099998474121094,60.099998474121094,61.099998474121094,225752.0
2018-06-27,56.09810256958008,59.900001525878906,60.5,59.79999923706055,60.29999923706055,307186.0
2018-06-28,56.09810256958008,59.900001525878906,60.20000076293945,59.79999923706055,59.79999923706055,151919.0
2018-06-29,56.19175338745117,60.0,60.29999923706055,60.0,60.0,112527.0
2018-07-02,56.37906265258789,60.20000076293945,60.5,60.20000076293945,60.20000076293945,84084.0
2018-07-03,55.817142486572266,59.599998474121094,60.5,59.599998474121094,60.5,192600.0
2018-07-04,55.44253158569336,59.20000076293945,60.0,59.099998474121094,59.70000076293945,195125.0
2018-07-05,54.880611419677734,58.599998474121094,59.400001525878906,58.5,59.400001525878906,190886.0
2018-07-06,53.382164001464844,57.0,58.79999923706055,55.29999923706055,58.79999923706055,634253.0
2018-07-09,51.97737503051758,55.5,57.0,56.0,57.0,379604.0
2018-07-10,53.7595329284668,56.099998474121094,56.400001525878906,55.599998474121094,55.79999923706055,285693.0
2018-07-11,53.95119094848633,56.29999923706055,56.599998474121094,56.0,56.099998474121094,128501.0
2018-07-12,54.71781539916992,57.099998474121094,57.400001525878906,56.5,56.599998474121094,198700.0
2018-07-13,55.48444366455078,57.900001525878906,58.5,57.400001525878906,58.29999923706055,204810.0
2018-07-16,55.196956634521484,57.599998474121094,58.5,57.599998474121094,58.400001525878906,229201.0
2018-07-17,55.00530242919922,57.400001525878906,57.70000076293945,57.29999923706055,57.29999923706055,132286.0
2018-07-18,54.71781539916992,57.099998474121094,58.0,57.099998474121094,57.900001525878906,391845.0
2018-07-19,54.90947341918945,57.29999923706055,58.099998474121094,57.20000076293945,57.5,258454.0
2018-07-20,53.95119094848633,56.29999923706055,57.599998474121094,56.099998474121094,57.599998474121094,270024.0
2018-07-23,53.184566497802734,55.5,56.599998474121094,55.20000076293945,56.599998474121094,276164.0
2018-07-24,53.088741302490234,55.400001525878906,56.099998474121094,55.099998474121094,56.099998474121094,225251.0
2018-07-25,52.513771057128906,54.79999923706055,55.400001525878906,54.5,55.400001525878906,478193.0
2018-07-26,52.513771057128906,54.79999923706055,55.20000076293945,54.599998474121094,55.0,241491.0
2018-07-27,53.376224517822266,55.70000076293945,56.29999923706055,54.5,55.20000076293945,480756.0
2018-07-30,52.322113037109375,54.599998474121094,56.0,54.599998474121094,56.0,298036.0
2018-07-31,52.417945861816406,54.70000076293945,55.099998474121094,54.5,55.099998474121094,132045.0
2018-08-01,52.70542907714844,55.0,55.29999923706055,54.79999923706055,55.099998474121094,131146.0
2018-08-02,53.2803955078125,55.599998474121094,56.599998474121094,55.5,55.5,436001.0
2018-08-03,53.472049713134766,55.79999923706055,56.29999923706055,55.79999923706055,56.0,103300.0
2018-08-06,53.2803955078125,55.599998474121094,56.20000076293945,55.400001525878906,56.20000076293945,157762.0
2018-08-07,53.088741302490234,55.400001525878906,56.099998474121094,55.29999923706055,56.0,90601.0
2018-08-08,52.99291229248047,55.29999923706055,55.79999923706055,55.20000076293945,55.79999923706055,98586.0
2018-08-09,51.938804626464844,54.20000076293945,55.20000076293945,54.0,55.099998474121094,419882.0
2018-08-10,50.78886795043945,53.0,54.099998474121094,52.79999923706055,54.099998474121094,667098.0
2018-08-13,50.40555191040039,52.599998474121094,53.0,51.79999923706055,53.0,434452.0
2018-08-14,50.40555191040039,52.599998474121094,52.599998474121094,51.70000076293945,52.5,402582.0
2018-08-15,50.30972671508789,52.5,52.599998474121094,51.5,52.599998474121094,342879.0
2018-08-16,50.21390151977539,52.400001525878906,52.400001525878906,51.599998474121094,52.099998474121094,349200.0
2018-08-17,50.21390151977539,52.400001525878906,52.70000076293945,51.79999923706055,52.70000076293945,277518.0
2018-08-20,49.83058547973633,52.0,52.400001525878906,51.70000076293945,52.400001525878906,423436.0
2018-08-21,49.1597900390625,51.29999923706055,51.599998474121094,51.099998474121094,51.29999923706055,405721.0
2018-08-22,47.77028274536133,49.849998474121094,51.20000076293945,49.79999923706055,51.20000076293945,840835.0
2018-08-23,46.47660446166992,48.5,50.20000076293945,48.5,49.79999923706055,592903.0
2018-08-24,44.75170135498047,46.70000076293945,48.5,46.54999923706055,48.5,869282.0
2018-08-27,45.99746322631836,48.0,48.04999923706055,46.70000076293945,46.70000076293945,410065.0
2018-08-28,46.57242965698242,48.599998474121094,48.650001525878906,48.20000076293945,48.20000076293945,185446.0
2018-08-29,46.57242965698242,48.599998474121094,48.79999923706055,48.400001525878906,48.599998474121094,146588.0
2018-08-30,46.7161750793457,48.75,48.79999923706055,48.599998474121094,48.599998474121094,122108.0
2018-08-31,46.33285903930664,48.349998474121094,48.79999923706055,48.099998474121094,48.70000076293945,285933.0
2018-09-03,45.51832580566406,47.5,48.45000076293945,47.5,48.349998474121094,223957.0
2018-09-04,45.61415100097656,47.599998474121094,47.849998474121094,47.45000076293945,47.5,128431.0
2018-09-05,45.182926177978516,47.150001525878906,48.0,47.04999923706055,47.95000076293945,140200.0
2018-09-06,43.69758987426758,45.599998474121094,47.20000076293945,45.54999923706055,47.20000076293945,424025.0
2018-09-07,41.685203552246094,43.5,46.349998474121094,43.0,45.099998474121094,580011.0
2018-09-10,38.810359954833984,40.5,43.5,40.5,43.5,798256.0
2018-09-11,37.42085266113281,39.04999923706055,40.349998474121094,38.900001525878906,40.099998474121094,1361601.0
2018-09-12,38.33121871948242,40.0,40.599998474121094,39.349998474121094,39.349998474121094,1113675.0
2018-09-13,38.61870193481445,40.29999923706055,40.599998474121094,39.599998474121094,40.0,499723.0
2018-09-14,39.28950119018555,41.0,41.25,40.04999923706055,40.650001525878906,377644.0
2018-09-17,39.912384033203125,41.650001525878906,41.70000076293945,41.04999923706055,41.400001525878906,335001.0
2018-09-18,39.48115921020508,41.20000076293945,41.650001525878906,40.70000076293945,41.650001525878906,183504.0
2018-09-19,40.247779846191406,42.0,42.75,41.349998474121094,41.349998474121094,579000.0
2018-09-20,40.67900848388672,42.45000076293945,43.0,42.099998474121094,42.099998474121094,471452.0
2018-09-21,40.77483367919922,42.54999923706055,43.099998474121094,42.5,42.79999923706055,246648.0
2018-09-25,40.29569625854492,42.04999923706055,42.650001525878906,42.04999923706055,42.54999923706055,168592.0
2018-09-26,40.05612564086914,41.79999923706055,42.29999923706055,41.75,42.04999923706055,181300.0
2018-09-27,40.008209228515625,41.75,41.849998474121094,41.54999923706055,41.79999923706055,113122.0
2018-09-28,40.247779846191406,42.0,42.20000076293945,41.70000076293945,42.20000076293945,85050.0
2018-10-01,40.82274627685547,42.599998474121094,43.25,42.20000076293945,42.29999923706055,269496.0
2018-10-02,41.06231689453125,42.849998474121094,43.29999923706055,42.849998474121094,42.849998474121094,203937.0
2018-10-03,40.82274627685547,42.599998474121094,43.349998474121094,42.599998474121094,43.099998474121094,263303.0
2018-10-04,40.58317947387695,42.349998474121094,42.79999923706055,42.04999923706055,42.650001525878906,168132.0
2018-10-05,39.912384033203125,41.650001525878906,42.95000076293945,41.0,42.150001525878906,462102.0
2018-10-08,39.57698440551758,41.29999923706055,41.70000076293945,41.0,41.0,124761.0
2018-10-09,38.906185150146484,40.599998474121094,41.599998474121094,40.599998474121094,41.20000076293945,158546.0
2018-10-11,35.2168083190918,36.75,38.79999923706055,36.54999923706055,38.79999923706055,887100.0
2018-10-12,35.69594955444336,37.25,37.349998474121094,35.599998474121094,35.599998474121094,312123.0
2018-10-15,36.17509078979492,37.75,38.0,37.29999923706055,37.29999923706055,239726.0
2018-10-16,36.36674499511719,37.95000076293945,38.099998474121094,36.75,36.75,162769.0
2018-10-17,37.18128204345703,38.79999923706055,39.20000076293945,38.20000076293945,38.20000076293945,255100.0
2018-10-18,36.94171142578125,38.54999923706055,39.400001525878906,38.400001525878906,38.79999923706055,123083.0
2018-10-19,36.41465759277344,38.0,38.400001525878906,37.400001525878906,38.400001525878906,164240.0
2018-10-22,37.08545684814453,38.70000076293945,38.79999923706055,38.0,38.0,68440.0
2018-10-23,36.55840301513672,38.150001525878906,38.79999923706055,38.150001525878906,38.5,98091.0
2018-10-24,36.41465759277344,38.0,38.5,38.0,38.5,75798.0
2018-10-25,35.64803695678711,37.20000076293945,37.599998474121094,37.0,37.099998474121094,208003.0
2018-10-26,34.737667083740234,36.25,37.400001525878906,35.79999923706055,37.20000076293945,286006.0
2018-10-29,34.689754486083984,36.20000076293945,36.849998474121094,36.0,36.0,110904.0
2018-10-30,34.929325103759766,36.45000076293945,36.79999923706055,36.0,36.20000076293945,87758.0
2018-10-31,35.45637893676758,37.0,37.25,36.75,36.75,139085.0
2018-11-01,36.41465759277344,38.0,38.099998474121094,37.099998474121094,37.099998474121094,163000.0
2018-11-02,37.08545684814453,38.70000076293945,38.79999923706055,38.0,38.0,155979.0
2018-11-05,36.989627838134766,38.599998474121094,39.0,38.400001525878906,38.70000076293945,111138.0
2018-11-06,36.989627838134766,38.599998474121094,38.95000076293945,38.599998474121094,38.599998474121094,96042.0
2018-11-07,37.18128204345703,38.79999923706055,38.95000076293945,38.5,38.95000076293945,77253.0
2018-11-08,37.42085266113281,39.04999923706055,39.20000076293945,38.79999923706055,38.79999923706055,138005.0
2018-11-09,37.13336944580078,38.75,39.45000076293945,38.650001525878906,39.150001525878906,103674.0
2018-11-12,37.18128204345703,38.79999923706055,39.0,38.75,38.849998474121094,62001.0
2018-11-13,38.714534759521484,40.400001525878906,41.29999923706055,38.599998474121094,38.79999923706055,676652.0
2018-11-14,39.049930572509766,40.75,40.900001525878906,40.45000076293945,40.5,251337.0
2018-11-15,39.002017974853516,40.70000076293945,41.099998474121094,40.599998474121094,40.75,216266.0
2018-11-16,38.714534759521484,40.400001525878906,40.95000076293945,40.099998474121094,40.70000076293945,235419.0
2018-11-19,39.049930572509766,40.75,40.849998474121094,40.400001525878906,40.400001525878906,65183.0
2018-11-20,38.858272552490234,40.54999923706055,40.79999923706055,40.29999923706055,40.79999923706055,47005.0
2018-11-21,38.5707893371582,40.25,40.599998474121094,40.04999923706055,40.599998474121094,68538.0
2018-11-22,38.33121871948242,40.0,40.599998474121094,40.0,40.5,93167.0
2018-11-23,38.37913513183594,40.04999923706055,40.400001525878906,40.0,40.0,50500.0
2018-11-26,38.5707893371582,40.25,40.79999923706055,40.04999923706055,40.04999923706055,41254.0
2018-11-27,38.5707893371582,40.25,40.5,40.20000076293945,40.5,71101.0
2018-11-28,38.52287673950195,40.20000076293945,40.349998474121094,40.0,40.29999923706055,111337.0
2018-11-29,39.097843170166016,40.79999923706055,41.0,40.5,40.5,160255.0
2018-11-30,39.76864242553711,41.5,41.70000076293945,40.79999923706055,40.900001525878906,274694.0
2018-12-03,40.34360885620117,42.099998474121094,43.0,41.900001525878906,43.0,200789.0
2018-12-04,40.05612564086914,41.79999923706055,42.29999923706055,41.70000076293945,42.29999923706055,149257.0
2018-12-05,39.81655502319336,41.54999923706055,41.79999923706055,41.400001525878906,41.79999923706055,88089.0
2018-12-06,40.53526306152344,42.29999923706055,42.900001525878906,41.25,41.599998474121094,382221.0
2018-12-07,40.53526306152344,42.29999923706055,42.849998474121094,42.20000076293945,42.5,145421.0
2018-12-10,40.151954650878906,41.900001525878906,42.70000076293945,41.5,42.70000076293945,175000.0
2018-12-11,40.9185791015625,42.70000076293945,43.0,42.54999923706055,42.75,167762.0
2018-12-12,41.92477035522461,43.75,43.79999923706055,42.70000076293945,42.70000076293945,323255.0
2018-12-13,43.69758987426758,45.599998474121094,45.70000076293945,43.849998474121094,43.95000076293945,679291.0
2018-12-14,44.368385314941406,46.29999923706055,46.29999923706055,44.599998474121094,45.5,359567.0
2018-12-17,43.88924789428711,45.79999923706055,46.45000076293945,45.45000076293945,46.0,199926.0
2018-12-18,42.21225357055664,44.04999923706055,45.400001525878906,44.04999923706055,45.0,397640.0
2018-12-19,42.21225357055664,44.04999923706055,45.0,44.04999923706055,45.0,173929.0
2018-12-20,41.87685775756836,43.70000076293945,44.5,43.70000076293945,44.5,188004.0
2018-12-21,42.787227630615234,44.650001525878906,44.650001525878906,42.95000076293945,43.75,166137.0
2018-12-24,42.45182418823242,44.29999923706055,44.95000076293945,44.0,44.0,195349.0
2018-12-25,42.06851577758789,43.900001525878906,44.20000076293945,43.599998474121094,44.099998474121094,122501.0
2018-12-26,41.63728713989258,43.45000076293945,44.29999923706055,43.45000076293945,44.20000076293945,175064.0
2018-12-27,42.45182418823242,44.29999923706055,44.900001525878906,44.150001525878906,44.5,118271.0
2018-12-28,43.02679443359375,44.900001525878906,44.900001525878906,44.29999923706055,44.29999923706055,164761.0
2019-01-02,43.31427764892578,45.20000076293945,45.349998474121094,45.0,45.0,156838.0
2019-01-03,45.37458038330078,47.349998474121094,48.400001525878906,45.29999923706055,45.54999923706055,683792.0
2019-01-04,45.51832580566406,47.5,47.849998474121094,46.79999923706055,47.5,491761.0
2019-01-07,45.99746322631836,48.0,48.70000076293945,47.650001525878906,48.70000076293945,297171.0
2019-01-08,45.99746322631836,48.0,48.150001525878906,47.599998474121094,48.0,158202.0
2019-01-09,45.4224967956543,47.400001525878906,47.79999923706055,47.0,47.150001525878906,340452.0
2019-01-10,44.84752655029297,46.79999923706055,47.349998474121094,46.599998474121094,47.099998474121094,202702.0
2019-01-11,44.84752655029297,46.79999923706055,47.04999923706055,46.70000076293945,46.79999923706055,97401.0
2019-01-14,44.943355560302734,46.900001525878906,47.25,46.79999923706055,47.20000076293945,175437.0
2019-01-15,45.0391845703125,47.0,47.099998474121094,46.70000076293945,46.79999923706055,140670.0
2019-01-16,44.320472717285156,46.25,47.099998474121094,46.0,47.099998474121094,107336.0
2019-01-17,44.128814697265625,46.04999923706055,46.25,46.0,46.25,90883.0
2019-01-18,43.985076904296875,45.900001525878906,46.29999923706055,45.79999923706055,46.04999923706055,90875.0
2019-01-21,44.70378875732422,46.650001525878906,46.75,45.849998474121094,46.0,207201.0
2019-01-22,44.368385314941406,46.29999923706055,46.70000076293945,46.099998474121094,46.70000076293945,50744.0
2019-01-23,44.368385314941406,46.29999923706055,46.400001525878906,46.150001525878906,46.29999923706055,58874.0
2019-01-24,44.89543914794922,46.849998474121094,47.0,46.349998474121094,46.349998474121094,95256.0
2019-01-25,44.84752655029297,46.79999923706055,46.900001525878906,46.70000076293945,46.849998474121094,80105.0
2019-01-28,43.55384826660156,45.45000076293945,47.0,45.400001525878906,47.0,208676.0
2019-01-29,42.6913948059082,44.54999923706055,45.099998474121094,44.20000076293945,45.099998474121094,239203.0
2019-01-30,41.87685775756836,43.70000076293945,44.29999923706055,43.400001525878906,44.29999923706055,281032.0
2019-02-11,42.16434097290039,44.0,44.79999923706055,43.29999923706055,43.400001525878906,124411.0
2019-02-12,42.64348220825195,44.5,44.54999923706055,44.20000076293945,44.29999923706055,81355.0
2019-02-13,42.978878021240234,44.849998474121094,44.95000076293945,44.5,44.5,95379.0
2019-02-14,43.841331481933594,45.75,45.95000076293945,44.79999923706055,44.900001525878906,207100.0
2019-02-15,43.745506286621094,45.650001525878906,45.79999923706055,45.20000076293945,45.29999923706055,143404.0
2019-02-18,43.745506286621094,45.650001525878906,46.349998474121094,45.54999923706055,45.95000076293945,116816.0
2019-02-19,43.50593566894531,45.400001525878906,45.849998474121094,45.400001525878906,45.599998474121094,160083.0
2019-02-20,42.978878021240234,44.849998474121094,45.5,44.849998474121094,45.400001525878906,143311.0
2019-02-21,42.930965423583984,44.79999923706055,45.45000076293945,44.79999923706055,45.400001525878906,80631.0
2019-02-22,41.972686767578125,43.79999923706055,44.900001525878906,43.79999923706055,44.79999923706055,195749.0
2019-02-25,41.82894515991211,43.650001525878906,44.04999923706055,43.45000076293945,44.04999923706055,132577.0
2019-02-26,42.35599899291992,44.20000076293945,44.349998474121094,43.650001525878906,43.650001525878906,135011.0
2019-02-27,41.972686767578125,43.79999923706055,44.20000076293945,43.75,43.900001525878906,122083.0
2019-03-04,42.06851577758789,43.900001525878906,44.29999923706055,43.79999923706055,44.29999923706055,92167.0
2019-03-05,42.45182418823242,44.29999923706055,44.400001525878906,44.0,44.29999923706055,107249.0
2019-03-06,42.45182418823242,44.29999923706055,44.650001525878906,44.099998474121094,44.400001525878906,151208.0
2019-03-07,42.54765701293945,44.400001525878906,44.849998474121094,44.400001525878906,44.5,244132.0
2019-03-08,44.080902099609375,46.0,46.29999923706055,44.599998474121094,44.79999923706055,732758.0
2019-03-11,45.51832580566406,47.5,49.25,46.54999923706055,46.79999923706055,1376658.0
2019-03-12,45.4224967956543,47.400001525878906,48.400001525878906,47.20000076293945,47.599998474121094,457981.0
2019-03-13,46.14120864868164,48.150001525878906,48.95000076293945,47.650001525878906,47.79999923706055,795511.0
2019-03-14,47.051570892333984,49.099998474121094,49.599998474121094,48.70000076293945,48.70000076293945,1137846.0
2019-03-15,47.003658294677734,49.04999923706055,49.599998474121094,48.599998474121094,49.599998474121094,436451.0
2019-03-18,45.61415100097656,47.599998474121094,49.20000076293945,47.599998474121094,49.20000076293945,397741.0
2019-03-19,46.76408767700195,48.79999923706055,48.79999923706055,47.20000076293945,47.29999923706055,348167.0
2019-03-20,45.805809020996094,47.79999923706055,49.29999923706055,47.79999923706055,49.0,425965.0
2019-03-21,45.805809020996094,47.79999923706055,48.04999923706055,47.400001525878906,47.79999923706055,221536.0
2019-03-22,45.90163803100586,47.900001525878906,48.20000076293945,47.5,47.900001525878906,161080.0
2019-03-25,45.94955062866211,47.95000076293945,48.099998474121094,47.45000076293945,48.099998474121094,154954.0
2019-03-26,46.28494644165039,48.29999923706055,48.599998474121094,48.04999923706055,48.099998474121094,274615.0
2019-03-27,49.5431022644043,51.70000076293945,52.0,48.599998474121094,48.79999923706055,1931305.0
2019-03-28,49.1597900390625,51.29999923706055,53.099998474121094,50.900001525878906,52.0,1964136.0
2019-03-29,49.73476028442383,51.900001525878906,51.900001525878906,50.70000076293945,51.5,537494.0
2019-04-01,49.255619049072266,51.400001525878906,52.400001525878906,51.20000076293945,52.400001525878906,623738.0
2019-04-02,48.58482360839844,50.70000076293945,51.79999923706055,50.70000076293945,51.70000076293945,452869.0
2019-04-03,48.87230682373047,51.0,51.400001525878906,50.70000076293945,50.900001525878906,256548.0
2019-04-08,48.87230682373047,51.0,51.400001525878906,50.79999923706055,51.0,350395.0
2019-04-09,50.78886795043945,53.0,53.0,51.0,51.0,846187.0
2019-04-10,50.40555191040039,52.599998474121094,53.5,52.20000076293945,53.5,504107.0
2019-04-11,48.87230682373047,51.0,51.900001525878906,50.20000076293945,51.79999923706055,760112.0
2019-04-12,48.105682373046875,50.20000076293945,51.29999923706055,50.099998474121094,51.20000076293945,345374.0
2019-04-15,46.955745697021484,49.0,50.599998474121094,49.0,50.5,574565.0
2019-04-16,46.52451705932617,48.54999923706055,49.25,48.04999923706055,49.0,393821.0
2019-04-17,46.42869186401367,48.45000076293945,49.0,48.45000076293945,48.900001525878906,305236.0
2019-04-18,46.04537582397461,48.04999923706055,48.54999923706055,48.04999923706055,48.400001525878906,211407.0
2019-04-19,46.57242965698242,48.599998474121094,48.599998474121094,48.099998474121094,48.099998474121094,176053.0
2019-04-22,46.093292236328125,48.099998474121094,49.0,48.099998474121094,48.599998474121094,372937.0
2019-04-23,46.23703384399414,48.25,48.5,48.04999923706055,48.099998474121094,233257.0
2019-04-24,46.38077926635742,48.400001525878906,48.45000076293945,48.04999923706055,48.25,88009.0
2019-04-25,46.18912124633789,48.20000076293945,48.400001525878906,48.04999923706055,48.099998474121094,147353.0
2019-04-26,45.70998001098633,47.70000076293945,48.349998474121094,47.599998474121094,48.099998474121094,207100.0
2019-04-29,44.51213073730469,46.45000076293945,47.70000076293945,46.0,47.70000076293945,243597.0
2019-04-30,45.230838775634766,47.20000076293945,47.29999923706055,46.29999923706055,46.400001525878906,133428.0
2019-05-02,45.37458038330078,47.349998474121094,47.45000076293945,47.0,47.0,91992.0
2019-05-03,45.37458038330078,47.349998474121094,47.5,47.04999923706055,47.45000076293945,103167.0
2019-05-06,44.84752655029297,46.79999923706055,47.29999923706055,46.5,47.29999923706055,151815.0
2019-05-07,45.0391845703125,47.0,47.900001525878906,46.75,47.900001525878906,74273.0
2019-05-08,44.65586853027344,46.599998474121094,47.0,46.20000076293945,46.20000076293945,85599.0
2019-05-09,44.60795593261719,46.54999923706055,46.650001525878906,46.099998474121094,46.650001525878906,140440.0
2019-05-10,44.56004333496094,46.5,46.95000076293945,46.25,46.54999923706055,110420.0
2019-05-13,45.230838775634766,47.20000076293945,47.900001525878906,46.75,47.04999923706055,300167.0
2019-05-14,45.27875518798828,47.25,47.25,46.5,46.900001525878906,140004.0
2019-05-15,45.75789260864258,47.75,47.75,47.29999923706055,47.650001525878906,109405.0
2019-05-16,45.90163803100586,47.900001525878906,48.349998474121094,47.70000076293945,47.95000076293945,235998.0
2019-05-17,44.65586853027344,46.599998474121094,48.25,46.599998474121094,47.70000076293945,216059.0
2019-05-20,44.17673110961914,46.099998474121094,46.70000076293945,46.099998474121094,46.599998474121094,79418.0
2019-05-21,44.368385314941406,46.29999923706055,46.29999923706055,46.0,46.099998474121094,56195.0
2019-05-22,44.41630172729492,46.349998474121094,46.5,46.29999923706055,46.29999923706055,30182.0
2019-05-23,44.41630172729492,46.349998474121094,46.400001525878906,46.04999923706055,46.349998474121094,106083.0
2019-05-24,44.080902099609375,46.0,46.45000076293945,46.0,46.150001525878906,89168.0
2019-05-27,44.17673110961914,46.099998474121094,46.150001525878906,46.0,46.0,40000.0
2019-05-28,43.69758987426758,45.599998474121094,45.849998474121094,45.5,45.5,141328.0
2019-05-29,43.31427764892578,45.20000076293945,45.5,44.70000076293945,45.04999923706055,135258.0
2019-05-30,43.745506286621094,45.650001525878906,45.849998474121094,45.20000076293945,45.20000076293945,21001.0
2019-05-31,44.080902099609375,46.0,46.29999923706055,45.70000076293945,45.70000076293945,48362.0
2019-06-03,43.69758987426758,45.599998474121094,46.0,45.20000076293945,45.20000076293945,43751.0
2019-06-04,43.4580192565918,45.349998474121094,45.599998474121094,45.29999923706055,45.400001525878906,79250.0
2019-06-05,43.60176467895508,45.5,45.650001525878906,45.400001525878906,45.400001525878906,47447.0
2019-06-06,43.170536041259766,45.04999923706055,45.900001525878906,45.0,45.79999923706055,76075.0
2019-06-10,43.31427764892578,45.20000076293945,45.70000076293945,45.04999923706055,45.70000076293945,38102.0
2019-06-11,43.31427764892578,45.20000076293945,45.20000076293945,44.75,45.20000076293945,128215.0
2019-06-12,43.50593566894531,45.400001525878906,45.599998474121094,45.29999923706055,45.29999923706055,41609.0
2019-06-13,43.55384826660156,45.45000076293945,45.900001525878906,45.349998474121094,45.400001525878906,46498.0
2019-06-14,44.032989501953125,45.95000076293945,45.95000076293945,45.45000076293945,45.5,50285.0
2019-06-17,44.56004333496094,46.5,46.54999923706055,46.0,46.0,73821.0
2019-06-18,44.56004333496094,46.5,46.599998474121094,46.349998474121094,46.400001525878906,53406.0
2019-06-19,44.943355560302734,46.900001525878906,47.099998474121094,46.45000076293945,46.45000076293945,114084.0
2019-06-20,45.0391845703125,47.0,47.5,46.900001525878906,47.5,71111.0
2019-06-21,45.135009765625,47.099998474121094,47.349998474121094,47.0,47.29999923706055,46003.0
2019-06-24,45.135009765625,47.099998474121094,47.20000076293945,46.95000076293945,47.099998474121094,40167.0
2019-06-25,44.89543914794922,46.849998474121094,47.29999923706055,46.849998474121094,47.099998474121094,52001.0
2019-07-03,45.230838775634766,47.20000076293945,47.70000076293945,47.150001525878906,47.599998474121094,84000.0
2019-07-04,46.57242965698242,48.599998474121094,48.900001525878906,47.20000076293945,47.25,257000.0
2019-07-08,46.8120002746582,48.849998474121094,49.349998474121094,48.79999923706055,48.900001525878906,200000.0
2019-07-09,45.47040939331055,47.45000076293945,48.75,47.45000076293945,48.75,276000.0
2019-07-10,45.51832580566406,47.5,47.95000076293945,47.099998474121094,47.5,337000.0
2019-07-11,45.70998001098633,47.70000076293945,48.099998474121094,47.0,47.0,176338.0
2019-07-12,45.70998001098633,47.70000076293945,48.0,47.70000076293945,47.95000076293945,108251.0
2019-07-15,45.94955062866211,47.95000076293945,48.150001525878906,47.5,47.70000076293945,322832.0
2019-07-16,46.150001525878906,46.150001525878906,46.5,46.0,46.5,259661.0
2019-07-17,46.0,46.0,46.45000076293945,46.0,46.20000076293945,88406.0
2019-07-18,45.75,45.75,46.20000076293945,45.75,46.0,129002.0
2019-07-19,45.70000076293945,45.70000076293945,46.20000076293945,45.70000076293945,46.20000076293945,62203.0
2019-07-22,45.95000076293945,45.95000076293945,46.0,45.20000076293945,45.349998474121094,108828.0
2019-07-23,46.20000076293945,46.20000076293945,46.349998474121094,45.79999923706055,45.95000076293945,98020.0
2019-07-24,48.29999923706055,48.29999923706055,48.29999923706055,45.79999923706055,45.79999923706055,674550.0
2019-07-25,48.599998474121094,48.599998474121094,49.75,48.599998474121094,48.650001525878906,803362.0
2019-07-26,48.099998474121094,48.099998474121094,49.45000076293945,48.04999923706055,49.0,237758.0
2019-07-29,48.150001525878906,48.150001525878906,48.45000076293945,47.54999923706055,48.45000076293945,122433.0
2019-07-30,47.599998474121094,47.599998474121094,48.70000076293945,47.599998474121094,48.45000076293945,129719.0
2019-07-31,46.849998474121094,46.849998474121094,48.0,46.849998474121094,48.0,106322.0
2019-08-01,46.900001525878906,46.900001525878906,47.0,46.70000076293945,46.849998474121094,42031.0
2019-08-02,46.0,46.0,46.900001525878906,46.0,46.900001525878906,92200.0
2019-08-05,45.45000076293945,45.45000076293945,45.900001525878906,45.400001525878906,45.70000076293945,72226.0
2019-08-06,45.099998474121094,45.099998474121094,45.29999923706055,44.0,45.0,92834.0
2019-08-07,44.95000076293945,44.95000076293945,45.099998474121094,44.95000076293945,45.099998474121094,29468.0
2019-08-08,44.900001525878906,44.900001525878906,45.29999923706055,44.900001525878906,45.0,54781.0
2019-08-12,44.95000076293945,44.95000076293945,45.04999923706055,44.849998474121094,44.900001525878906,58450.0
2019-08-13,45.349998474121094,45.349998474121094,46.0,45.20000076293945,46.0,83700.0
2019-08-14,45.29999923706055,45.29999923706055,45.599998474121094,45.20000076293945,45.400001525878906,26226.0
2019-08-15,44.849998474121094,44.849998474121094,45.150001525878906,44.849998474121094,45.099998474121094,70000.0
2019-08-16,45.150001525878906,45.150001525878906,45.75,45.0,45.75,48272.0
2019-08-19,45.5,45.5,45.79999923706055,45.29999923706055,45.349998474121094,90071.0
2019-08-20,45.70000076293945,45.70000076293945,46.099998474121094,45.5,45.5,66670.0
2019-08-21,46.20000076293945,46.20000076293945,46.20000076293945,45.95000076293945,46.099998474121094,91309.0
2019-08-22,46.0,46.0,46.400001525878906,45.70000076293945,46.29999923706055,81918.0
2019-08-23,46.400001525878906,46.400001525878906,46.400001525878906,45.349998474121094,46.0,149345.0
2019-08-26,45.849998474121094,45.849998474121094,46.400001525878906,45.5,45.79999923706055,246285.0
2019-08-27,45.95000076293945,45.95000076293945,46.25,45.599998474121094,46.150001525878906,108121.0
2019-08-28,46.04999923706055,46.04999923706055,46.150001525878906,45.79999923706055,45.849998474121094,139142.0
2019-08-29,47.599998474121094,47.599998474121094,48.75,46.599998474121094,47.0,411356.0
2019-08-30,48.0,48.0,48.150001525878906,47.599998474121094,47.599998474121094,193690.0
2019-09-02,48.349998474121094,48.349998474121094,48.54999923706055,48.150001525878906,48.150001525878906,186068.0
2019-09-03,47.650001525878906,47.650001525878906,48.349998474121094,47.400001525878906,48.349998474121094,246256.0
2019-09-04,47.79999923706055,47.79999923706055,48.20000076293945,47.650001525878906,47.650001525878906,79000.0
2019-09-05,48.0,48.0,48.29999923706055,47.79999923706055,48.20000076293945,188583.0
2019-09-06,47.20000076293945,47.20000076293945,48.20000076293945,47.20000076293945,48.20000076293945,155202.0
2019-09-10,47.349998474121094,47.349998474121094,47.75,47.20000076293945,47.349998474121094,112351.0
2019-09-11,46.900001525878906,46.900001525878906,47.45000076293945,46.900001525878906,47.25,171362.0
2019-09-12,47.0,47.0,47.45000076293945,46.900001525878906,47.45000076293945,72477.0
2019-09-16,47.0,47.0,47.29999923706055,47.0,47.04999923706055,111007.0
2019-09-17,47.29999923706055,47.29999923706055,47.400001525878906,47.0,47.0,76547.0
2019-09-18,47.70000076293945,47.70000076293945,47.79999923706055,47.349998474121094,47.400001525878906,99488.0
2019-09-19,47.400001525878906,47.400001525878906,47.75,47.349998474121094,47.75,60834.0
2019-09-20,47.5,47.5,47.70000076293945,47.349998474121094,47.5,55300.0
2019-09-23,47.5,47.5,47.54999923706055,47.349998474121094,47.54999923706055,63408.0
2019-09-24,47.400001525878906,47.400001525878906,48.0,47.400001525878906,47.400001525878906,177195.0
2019-09-25,47.400001525878906,47.400001525878906,47.79999923706055,47.099998474121094,47.400001525878906,109406.0
2019-09-26,46.79999923706055,46.79999923706055,47.5,46.79999923706055,47.400001525878906,102782.0
2019-09-27,45.70000076293945,45.70000076293945,47.150001525878906,45.599998474121094,46.79999923706055,128343.0
2019-10-01,45.5,45.5,46.0,45.5,46.0,157425.0
2019-10-02,45.599998474121094,45.599998474121094,45.79999923706055,45.400001525878906,45.5,59200.0
2019-10-03,45.45000076293945,45.45000076293945,45.79999923706055,45.349998474121094,45.349998474121094,58080.0
2019-10-04,45.599998474121094,45.599998474121094,45.849998474121094,45.400001525878906,45.599998474121094,100760.0
2019-10-07,45.849998474121094,45.849998474121094,45.95000076293945,45.70000076293945,45.900001525878906,90501.0
2019-10-08,45.5,45.5,46.20000076293945,45.400001525878906,46.0,150328.0
2019-10-09,45.849998474121094,45.849998474121094,46.25,45.70000076293945,46.0,131523.0
2019-10-14,45.45000076293945,45.45000076293945,46.099998474121094,45.400001525878906,46.099998474121094,134667.0
2019-10-15,45.0,45.0,45.5,45.0,45.5,117540.0
2019-10-16,45.04999923706055,45.04999923706055,45.20000076293945,44.849998474121094,45.0,117595.0
2019-10-17,45.5,45.5,46.0,45.0,45.0,123261.0
2019-10-18,45.70000076293945,45.70000076293945,45.849998474121094,45.400001525878906,45.54999923706055,63102.0
2019-10-21,45.599998474121094,45.599998474121094,45.849998474121094,45.5,45.79999923706055,38920.0
2019-10-22,45.599998474121094,45.599998474121094,45.900001525878906,45.5,45.900001525878906,133756.0
2019-10-23,45.599998474121094,45.599998474121094,45.79999923706055,45.599998474121094,45.650001525878906,68345.0
2019-10-24,45.650001525878906,45.650001525878906,45.849998474121094,45.5,45.849998474121094,100570.0
2019-10-25,45.599998474121094,45.599998474121094,45.650001525878906,45.54999923706055,45.599998474121094,64592.0
2019-10-28,45.650001525878906,45.650001525878906,45.650001525878906,45.5,45.599998474121094,182699.0
2019-10-29,45.5,45.5,46.04999923706055,45.5,46.04999923706055,128539.0
2019-10-30,45.900001525878906,45.900001525878906,45.900001525878906,45.349998474121094,45.599998474121094,85151.0
2019-10-31,45.70000076293945,45.70000076293945,45.849998474121094,45.650001525878906,45.849998474121094,56001.0
2019-11-01,46.70000076293945,46.70000076293945,47.0,46.0,46.0,236055.0
2019-11-04,46.400001525878906,46.400001525878906,47.0,46.400001525878906,46.70000076293945,139000.0
2019-11-05,46.400001525878906,46.400001525878906,46.5,46.150001525878906,46.400001525878906,114000.0
2019-11-06,46.70000076293945,46.70000076293945,46.900001525878906,46.400001525878906,46.400001525878906,90000.0
2019-11-07,47.0,47.0,47.150001525878906,46.900001525878906,47.0,167000.0
2019-11-08,46.79999923706055,46.79999923706055,47.20000076293945,46.599998474121094,47.04999923706055,79329.0
2019-11-11,46.20000076293945,46.20000076293945,47.79999923706055,46.20000076293945,46.75,277000.0
2019-11-12,46.29999923706055,46.29999923706055,46.70000076293945,46.29999923706055,46.70000076293945,80000.0
2019-11-13,46.20000076293945,46.20000076293945,46.599998474121094,46.20000076293945,46.599998474121094,45000.0
2019-11-14,46.0,46.0,46.099998474121094,45.849998474121094,46.099998474121094,103000.0
2019-11-15,46.0,46.0,46.099998474121094,45.0,46.0,249845.0
2019-11-18,45.400001525878906,45.400001525878906,45.849998474121094,45.29999923706055,45.54999923706055,69000.0
2019-11-19,45.5,45.5,45.650001525878906,45.400001525878906,45.400001525878906,60000.0
2019-11-20,45.5,45.5,45.70000076293945,45.20000076293945,45.5,56000.0
2019-11-21,45.650001525878906,45.650001525878906,45.650001525878906,45.349998474121094,45.400001525878906,110000.0
2019-11-22,46.150001525878906,46.150001525878906,46.20000076293945,45.75,45.75,98000.0
2019-11-25,45.75,45.75,46.349998474121094,45.650001525878906,46.349998474121094,8300
2019-11-26,45.599998474121094,45.599998474121094,45.70000076293945,45.45000076293945,45.599998474121094,6200
2019-11-27,45.599998474121094,45.599998474121094,45.79999923706055,45.29999923706055,45.70000076293945,8800
2019-11-28,45.79999923706055,45.79999923706055,46.0,45.599998474121094,45.599998474121094,9100
2019-11-29,45.79999923706055,45.79999923706055,46.70000076293945,45.650001525878906,45.900001525878906,20300
2019-12-02,45.5,45.5,45.650001525878906,45.400001525878906,45.5,9000
2019-12-03,45.400001525878906,45.400001525878906,45.650001525878906,45.20000076293945,45.5,7800
2019-12-04,45.099998474121094,45.099998474121094,46,45.099998474121094,45.900001525878906,12900
2019-12-05,45.099998474121094,45.099998474121094,45.29999923706055,45.04999923706055,45.099998474121094,9200
2019-12-06,45.04999923706055,45.04999923706055,45.150001525878906,45,45.099998474121094,8800
2019-12-09,45,45,45.45000076293945,44.849998474121094,45.04999923706055,13200
2019-12-10,44.900001525878906,44.900001525878906,45.099998474121094,44.849998474121094,45.099998474121094,9700
2019-12-11,44.650001525878906,44.650001525878906,44.900001525878906,44.45000076293945,44.79999923706055,21200
2019-12-12,44.20000076293945,44.20000076293945,44.5,43.95000076293945,44.5,24000
2019-12-13,43.900001525878906,43.900001525878906,44.29999923706055,43.79999923706055,44.29999923706055,12800
2019-12-16,43.599998474121094,43.599998474121094,43.900001525878906,43.5,43.650001525878906,8400
2019-12-17,44.150001525878906,44.150001525878906,44.150001525878906,43.599998474121094,43.599998474121094,8000
